#E_pot  E_kin  T  P
-2.936986e-06 3.580725e+02 2.871081e+02 3.963955e+02
-2.847278e-06 3.420471e+02 2.742587e+02 3.786550e+02
-2.762444e-06 3.474079e+02 2.785571e+02 3.845896e+02
-2.683775e-06 3.394997e+02 2.722162e+02 3.758350e+02
-2.594997e-06 3.476512e+02 2.787522e+02 3.848589e+02
-2.518313e-06 3.539523e+02 2.838045e+02 3.918344e+02
-2.461580e-06 3.638946e+02 2.917764e+02 4.028407e+02
-2.419037e-06 3.315515e+02 2.658432e+02 3.670361e+02
-2.355062e-06 3.538869e+02 2.837521e+02 3.917620e+02
-2.263112e-06 3.692678e+02 2.960847e+02 4.087891e+02
-2.176450e-06 3.431624e+02 2.751530e+02 3.798897e+02
-2.099036e-06 3.120786e+02 2.502295e+02 3.454792e+02
-2.009393e-06 3.576309e+02 2.867540e+02 3.959067e+02
-1.912292e-06 3.539485e+02 2.838015e+02 3.918302e+02
-1.823755e-06 3.818876e+02 3.062035e+02 4.227595e+02
-1.749665e-06 3.722970e+02 2.985136e+02 4.121425e+02
-1.685588e-06 3.825685e+02 3.067494e+02 4.235133e+02
-1.633577e-06 3.871079e+02 3.103892e+02 4.285385e+02
-1.591727e-06 3.811407e+02 3.056046e+02 4.219327e+02
-1.547939e-06 3.517097e+02 2.820063e+02 3.893517e+02
-1.505693e-06 3.670493e+02 2.943059e+02 4.063331e+02
-1.472960e-06 3.444101e+02 2.761535e+02 3.812710e+02
-1.445524e-06 3.435379e+02 2.754541e+02 3.803054e+02
-1.417072e-06 3.383955e+02 2.713308e+02 3.746126e+02
-1.391497e-06 3.382300e+02 2.711981e+02 3.744294e+02
-1.364115e-06 3.285929e+02 2.634709e+02 3.637609e+02
-1.333891e-06 3.222010e+02 2.583459e+02 3.566849e+02
-1.306255e-06 3.503901e+02 2.809483e+02 3.878910e+02
-1.284858e-06 3.552689e+02 2.848602e+02 3.932920e+02
-1.268055e-06 3.641547e+02 2.919850e+02 4.031288e+02
-1.257460e-06 3.550919e+02 2.847182e+02 3.930960e+02
-1.254139e-06 3.395353e+02 2.722448e+02 3.758745e+02
-1.248634e-06 3.714959e+02 2.978712e+02 4.112556e+02
-1.242244e-06 3.807759e+02 3.053121e+02 4.215289e+02
-1.235256e-06 3.678318e+02 2.949333e+02 4.071993e+02
-1.223524e-06 3.829123e+02 3.070251e+02 4.238939e+02
-1.210722e-06 3.903527e+02 3.129909e+02 4.321306e+02
-1.199004e-06 3.935044e+02 3.155180e+02 4.356196e+02
-1.186684e-06 3.984055e+02 3.194477e+02 4.410452e+02
-1.174144e-06 3.635994e+02 2.915397e+02 4.025140e+02
-1.161337e-06 3.809796e+02 3.054754e+02 4.217544e+02
-1.147274e-06 4.003152e+02 3.209790e+02 4.431594e+02
-1.125648e-06 4.414566e+02 3.539668e+02 4.887039e+02
-1.102585e-06 4.300651e+02 3.448330e+02 4.760933e+02
-1.085269e-06 3.967616e+02 3.181297e+02 4.392255e+02
-1.069983e-06 3.985843e+02 3.195912e+02 4.412432e+02
-1.055176e-06 3.796854e+02 3.044377e+02 4.203216e+02
-1.040772e-06 3.753506e+02 3.009620e+02 4.155229e+02
-1.030910e-06 3.571666e+02 2.863818e+02 3.953927e+02
-1.025798e-06 3.674192e+02 2.946025e+02 4.067426e+02
-1.021375e-06 3.667941e+02 2.941013e+02 4.060506e+02
-1.019875e-06 3.783616e+02 3.033762e+02 4.188561e+02
-1.021501e-06 3.902509e+02 3.129093e+02 4.320180e+02
-1.019242e-06 3.858736e+02 3.093995e+02 4.271721e+02
-1.011778e-06 3.935621e+02 3.155642e+02 4.356835e+02
-1.001614e-06 4.070142e+02 3.263504e+02 4.505753e+02
-9.890976e-07 3.868527e+02 3.101845e+02 4.282560e+02
-9.774416e-07 4.218330e+02 3.382323e+02 4.669801e+02
-9.668107e-07 4.432553e+02 3.554091e+02 4.906952e+02
-9.570952e-07 4.205249e+02 3.371835e+02 4.655321e+02
-9.490202e-07 3.509626e+02 2.814074e+02 3.885248e+02
-9.425085e-07 3.829353e+02 3.070435e+02 4.239193e+02
-9.403232e-07 3.882564e+02 3.113101e+02 4.298100e+02
-9.407662e-07 3.764574e+02 3.018494e+02 4.167481e+02
-9.410686e-07 3.849903e+02 3.086913e+02 4.261943e+02
-9.435537e-07 3.758885e+02 3.013933e+02 4.161183e+02
-9.482944e-07 3.833028e+02 3.073382e+02 4.243262e+02
-9.571221e-07 3.640014e+02 2.918621e+02 4.029591e+02
-9.680682e-07 3.406042e+02 2.731018e+02 3.770577e+02
-9.780888e-07 3.429073e+02 2.749484e+02 3.796073e+02
-9.890688e-07 3.503954e+02 2.809525e+02 3.878968e+02
-1.000751e-06 3.895916e+02 3.123807e+02 4.312881e+02
-1.014176e-06 3.764761e+02 3.018644e+02 4.167688e+02
-1.027996e-06 3.386535e+02 2.715377e+02 3.748982e+02
-1.039423e-06 3.374872e+02 2.706026e+02 3.736071e+02
-1.049546e-06 3.723164e+02 2.985291e+02 4.121639e+02
-1.058436e-06 3.818321e+02 3.061590e+02 4.226981e+02
-1.065093e-06 3.889946e+02 3.119020e+02 4.306272e+02
-1.070980e-06 4.108228e+02 3.294041e+02 4.547915e+02
-1.078143e-06 3.763224e+02 3.017412e+02 4.165986e+02
-1.085194e-06 3.730634e+02 2.991281e+02 4.129909e+02
-1.092512e-06 4.003970e+02 3.210446e+02 4.432500e+02
-1.099335e-06 3.542972e+02 2.840811e+02 3.922163e+02
-1.103763e-06 3.758461e+02 3.013593e+02 4.160714e+02
-1.107743e-06 3.866767e+02 3.100434e+02 4.280612e+02
-1.113690e-06 3.578707e+02 2.869464e+02 3.961722e+02
-1.116899e-06 3.778958e+02 3.030028e+02 4.183405e+02
-1.116451e-06 3.743882e+02 3.001903e+02 4.144575e+02
-1.116845e-06 3.880607e+02 3.111531e+02 4.295933e+02
-1.115594e-06 3.636328e+02 2.915665e+02 4.025510e+02
-1.112993e-06 3.534776e+02 2.834239e+02 3.913089e+02
-1.107327e-06 3.651259e+02 2.927637e+02 4.042039e+02
-1.101169e-06 3.637264e+02 2.916415e+02 4.026546e+02
-1.094574e-06 3.703385e+02 2.969432e+02 4.099743e+02
-1.085972e-06 3.741658e+02 3.000120e+02 4.142113e+02
-1.079871e-06 3.826652e+02 3.068269e+02 4.236203e+02
-1.074131e-06 3.592581e+02 2.880588e+02 3.977081e+02
-1.067078e-06 3.979115e+02 3.190517e+02 4.404984e+02
-1.061720e-06 4.298824e+02 3.446864e+02 4.758910e+02
-1.056656e-06 4.150932e+02 3.328282e+02 4.595189e+02
-1.052792e-06 4.069666e+02 3.263122e+02 4.505227e+02
-1.052169e-06 3.899059e+02 3.126327e+02 4.316360e+02
-1.053464e-06 3.822952e+02 3.065303e+02 4.232107e+02
-1.062222e-06 3.674713e+02 2.946442e+02 4.068003e+02
-1.077634e-06 3.742800e+02 3.001036e+02 4.143377e+02
-1.092452e-06 3.848229e+02 3.085570e+02 4.260089e+02
-1.104371e-06 3.912024e+02 3.136722e+02 4.330712e+02
-1.113202e-06 3.985230e+02 3.195420e+02 4.411754e+02
-1.122103e-06 3.945885e+02 3.163872e+02 4.368197e+02
-1.133260e-06 3.770380e+02 3.023150e+02 4.173909e+02
-1.143841e-06 3.578079e+02 2.868960e+02 3.961027e+02
-1.150983e-06 3.809377e+02 3.054418e+02 4.217079e+02
-1.156227e-06 4.037646e+02 3.237448e+02 4.469780e+02
-1.161574e-06 3.958369e+02 3.173883e+02 4.382018e+02
-1.168143e-06 3.873558e+02 3.105880e+02 4.288130e+02
-1.171615e-06 3.829321e+02 3.070410e+02 4.239158e+02
-1.171513e-06 3.922421e+02 3.145059e+02 4.342222e+02
-1.169737e-06 3.960273e+02 3.175409e+02 4.384125e+02
-1.166974e-06 3.915631e+02 3.139614e+02 4.334705e+02
-1.163740e-06 3.660779e+02 2.935270e+02 4.052578e+02
-1.160623e-06 3.752640e+02 3.008925e+02 4.154270e+02
-1.160980e-06 3.548163e+02 2.844973e+02 3.927909e+02
-1.164433e-06 3.563182e+02 2.857015e+02 3.944535e+02
-1.169816e-06 3.722525e+02 2.984779e+02 4.120932e+02
-1.170162e-06 3.530726e+02 2.830992e+02 3.908606e+02
-1.168050e-06 3.319475e+02 2.661607e+02 3.674745e+02
-1.171814e-06 3.110905e+02 2.494372e+02 3.443853e+02
-1.176338e-06 3.133898e+02 2.512809e+02 3.469307e+02
-1.179918e-06 2.990819e+02 2.398085e+02 3.310914e+02
-1.186084e-06 3.060032e+02 2.453582e+02 3.387535e+02
-1.193958e-06 3.406460e+02 2.731353e+02 3.771039e+02
-1.205107e-06 3.439637e+02 2.757955e+02 3.807768e+02
-1.215839e-06 3.402279e+02 2.728001e+02 3.766412e+02
-1.224941e-06 3.123998e+02 2.504871e+02 3.458348e+02
-1.240409e-06 3.416755e+02 2.739608e+02 3.782437e+02
-1.259750e-06 3.505227e+02 2.810546e+02 3.880378e+02
-1.279921e-06 3.849875e+02 3.086890e+02 4.261911e+02
-1.301502e-06 3.662158e+02 2.936376e+02 4.054105e+02
-1.318568e-06 3.816776e+02 3.060351e+02 4.225271e+02
-1.331433e-06 3.738889e+02 2.997900e+02 4.139048e+02
-1.333565e-06 3.838197e+02 3.077527e+02 4.248984e+02
-1.325176e-06 4.090856e+02 3.280113e+02 4.528685e+02
-1.312275e-06 4.227063e+02 3.389326e+02 4.679469e+02
-1.301355e-06 4.096344e+02 3.284513e+02 4.534760e+02
-1.297719e-06 3.798989e+02 3.046089e+02 4.205580e+02
-1.296523e-06 3.815142e+02 3.059041e+02 4.223462e+02
-1.290313e-06 3.866612e+02 3.100310e+02 4.280440e+02
-1.268408e-06 3.729429e+02 2.990315e+02 4.128576e+02
-1.237502e-06 3.855873e+02 3.091699e+02 4.268552e+02
-1.207837e-06 3.827857e+02 3.069236e+02 4.237537e+02
-1.175959e-06 4.121145e+02 3.304399e+02 4.562215e+02
-1.147236e-06 4.053933e+02 3.250507e+02 4.487809e+02
-1.126098e-06 4.155280e+02 3.331769e+02 4.600004e+02
-1.106677e-06 3.911342e+02 3.136175e+02 4.329957e+02
-1.088879e-06 4.058409e+02 3.254096e+02 4.492765e+02
-1.075263e-06 4.121759e+02 3.304891e+02 4.562894e+02
-1.062746e-06 4.206553e+02 3.372880e+02 4.656764e+02
-1.046518e-06 4.199616e+02 3.367318e+02 4.649084e+02
-1.031661e-06 4.270114e+02 3.423845e+02 4.727128e+02
-1.023445e-06 4.158869e+02 3.334647e+02 4.603977e+02
-1.021697e-06 4.433046e+02 3.554486e+02 4.907498e+02
-1.024073e-06 4.495711e+02 3.604731e+02 4.976869e+02
-1.027187e-06 3.819304e+02 3.062378e+02 4.228069e+02
-1.028966e-06 3.861063e+02 3.095861e+02 4.274297e+02
-1.031469e-06 3.718152e+02 2.981273e+02 4.116091e+02
-1.035171e-06 3.675332e+02 2.946939e+02 4.068688e+02
-1.038782e-06 3.628153e+02 2.909110e+02 4.016460e+02
-1.042082e-06 3.723265e+02 2.985372e+02 4.121751e+02
-1.041918e-06 3.727895e+02 2.989085e+02 4.126877e+02
-1.044730e-06 3.790187e+02 3.039031e+02 4.195835e+02
-1.054516e-06 3.577645e+02 2.868612e+02 3.960547e+02
-1.066580e-06 3.698356e+02 2.965400e+02 4.094177e+02
-1.078725e-06 3.423664e+02 2.745147e+02 3.790085e+02
-1.089450e-06 3.502985e+02 2.808748e+02 3.877896e+02
-1.103323e-06 3.278118e+02 2.628447e+02 3.628963e+02
-1.126009e-06 3.569242e+02 2.861874e+02 3.951244e+02
-1.160408e-06 3.731010e+02 2.991582e+02 4.130325e+02
-1.199720e-06 3.771800e+02 3.024289e+02 4.175481e+02
-1.239378e-06 4.199504e+02 3.367229e+02 4.648961e+02
-1.278529e-06 4.168363e+02 3.342259e+02 4.614486e+02
-1.317082e-06 4.150913e+02 3.328267e+02 4.595169e+02
-1.360922e-06 4.297801e+02 3.446044e+02 4.757777e+02
-1.408912e-06 3.925721e+02 3.147704e+02 4.345875e+02
-1.461463e-06 3.841645e+02 3.080291e+02 4.252801e+02
-1.515936e-06 3.864592e+02 3.098691e+02 4.278204e+02
-1.568977e-06 3.721581e+02 2.984022e+02 4.119888e+02
-1.621073e-06 3.434783e+02 2.754063e+02 3.802394e+02
-1.668232e-06 3.614602e+02 2.898245e+02 4.001459e+02
-1.707594e-06 3.340082e+02 2.678130e+02 3.697558e+02
-1.740765e-06 3.608844e+02 2.893628e+02 3.995084e+02
-1.775153e-06 3.600851e+02 2.887219e+02 3.986236e+02
-1.822218e-06 3.699255e+02 2.966120e+02 4.095171e+02
-1.871467e-06 3.775679e+02 3.027399e+02 4.179775e+02
-1.908714e-06 3.863788e+02 3.098045e+02 4.277313e+02
-1.938878e-06 3.719032e+02 2.981978e+02 4.117066e+02
-1.976481e-06 3.918377e+02 3.141816e+02 4.337746e+02
-2.037989e-06 4.169528e+02 3.343193e+02 4.615777e+02
-2.112653e-06 4.058147e+02 3.253886e+02 4.492475e+02
-2.177834e-06 4.004659e+02 3.210999e+02 4.433262e+02
-2.224629e-06 4.153182e+02 3.330086e+02 4.597680e+02
-2.272437e-06 4.107951e+02 3.293820e+02 4.547609e+02
-2.328658e-06 4.227389e+02 3.389587e+02 4.679829e+02
-2.380341e-06 4.161066e+02 3.336408e+02 4.606409e+02
-2.446149e-06 4.079452e+02 3.270968e+02 4.516059e+02
-2.530065e-06 3.842533e+02 3.081003e+02 4.253784e+02
-2.614280e-06 3.892743e+02 3.121262e+02 4.309367e+02
-2.685581e-06 3.838747e+02 3.077967e+02 4.249592e+02
-2.735612e-06 3.668979e+02 2.941845e+02 4.061655e+02
-2.785224e-06 3.567790e+02 2.860710e+02 3.949636e+02
-2.871101e-06 3.875845e+02 3.107713e+02 4.290661e+02
-2.964678e-06 4.155493e+02 3.331939e+02 4.600239e+02
-3.053835e-06 3.853460e+02 3.089765e+02 4.265881e+02
-3.170844e-06 3.744112e+02 3.002088e+02 4.144830e+02
-3.340445e-06 3.750839e+02 3.007481e+02 4.152276e+02
-3.550390e-06 3.788375e+02 3.037579e+02 4.193830e+02
-3.772780e-06 3.884894e+02 3.114969e+02 4.300679e+02
-4.001782e-06 3.897816e+02 3.125330e+02 4.314984e+02
-4.249166e-06 4.090114e+02 3.279518e+02 4.527863e+02
-4.542419e-06 4.182557e+02 3.353640e+02 4.630200e+02
-4.852725e-06 4.132160e+02 3.313231e+02 4.574409e+02
-5.224399e-06 4.210260e+02 3.375852e+02 4.660867e+02
-5.638759e-06 4.214875e+02 3.379553e+02 4.665976e+02
-5.909195e-06 4.439550e+02 3.559701e+02 4.914698e+02
-6.061011e-06 4.532314e+02 3.634080e+02 5.017389e+02
-6.212388e-06 4.376384e+02 3.509054e+02 4.844771e+02
-6.339240e-06 4.000694e+02 3.207819e+02 4.428873e+02
-6.473762e-06 3.673328e+02 2.945332e+02 4.066470e+02
-6.627427e-06 3.544441e+02 2.841988e+02 3.923788e+02
-6.841528e-06 3.423215e+02 2.744788e+02 3.789588e+02
-7.251044e-06 3.538163e+02 2.836955e+02 3.916839e+02
-7.608999e-06 3.367211e+02 2.699883e+02 3.727591e+02
-7.767208e-06 3.407383e+02 2.732093e+02 3.772062e+02
-7.808036e-06 3.355695e+02 2.690649e+02 3.714842e+02
-7.776911e-06 3.558165e+02 2.852993e+02 3.938981e+02
-7.707394e-06 3.447076e+02 2.763920e+02 3.816003e+02
-7.391627e-06 3.602387e+02 2.888451e+02 3.987937e+02
-6.942577e-06 3.512226e+02 2.816158e+02 3.888126e+02
-6.644195e-06 3.794519e+02 3.042505e+02 4.200631e+02
-6.490036e-06 3.712984e+02 2.977129e+02 4.110370e+02
-6.319844e-06 3.617260e+02 2.900376e+02 4.004402e+02
-6.144389e-06 3.498091e+02 2.804825e+02 3.872478e+02
-6.028556e-06 3.589503e+02 2.878120e+02 3.973674e+02
-5.973689e-06 3.594087e+02 2.881795e+02 3.978748e+02
-5.973827e-06 3.643077e+02 2.921077e+02 4.032982e+02
-6.010050e-06 3.673282e+02 2.945295e+02 4.066419e+02
-6.092700e-06 3.589510e+02 2.878125e+02 3.973681e+02
-6.246032e-06 3.516532e+02 2.819611e+02 3.892893e+02
-6.356036e-06 3.620279e+02 2.902796e+02 4.007743e+02
-6.355916e-06 3.478727e+02 2.789298e+02 3.851042e+02
-6.417011e-06 3.726457e+02 2.987931e+02 4.125285e+02
-6.515017e-06 3.577523e+02 2.868514e+02 3.960411e+02
-6.524326e-06 3.549441e+02 2.845997e+02 3.929323e+02
-6.508573e-06 3.665307e+02 2.938901e+02 4.057590e+02
-6.644112e-06 3.546527e+02 2.843661e+02 3.926098e+02
-7.041065e-06 3.738959e+02 2.997956e+02 4.139125e+02
-7.653100e-06 3.640090e+02 2.918681e+02 4.029675e+02
-8.426881e-06 3.504465e+02 2.809935e+02 3.879534e+02
-9.297856e-06 3.692264e+02 2.960515e+02 4.087432e+02
-1.019596e-05 3.759418e+02 3.014360e+02 4.161774e+02
-1.134253e-05 3.938808e+02 3.158198e+02 4.360363e+02
-1.271455e-05 3.677890e+02 2.948990e+02 4.071520e+02
-1.382431e-05 3.753915e+02 3.009948e+02 4.155682e+02
-1.415411e-05 3.994941e+02 3.203206e+02 4.422504e+02
-1.370579e-05 3.996980e+02 3.204841e+02 4.424761e+02
-1.307291e-05 4.379863e+02 3.511843e+02 4.848622e+02
-1.249003e-05 3.901220e+02 3.128059e+02 4.318752e+02
-1.220710e-05 3.853875e+02 3.090098e+02 4.266340e+02
-1.220527e-05 3.948494e+02 3.165964e+02 4.371085e+02
-1.217815e-05 3.927939e+02 3.149483e+02 4.348331e+02
-1.234816e-05 3.624327e+02 2.906042e+02 4.012224e+02
-1.261377e-05 3.723765e+02 2.985774e+02 4.122305e+02
-1.228586e-05 3.983825e+02 3.194294e+02 4.410198e+02
-1.147332e-05 4.115232e+02 3.299658e+02 4.555669e+02
-1.047426e-05 3.956223e+02 3.172162e+02 4.379642e+02
-9.386520e-06 3.860176e+02 3.095149e+02 4.273315e+02
-8.485394e-06 3.974494e+02 3.186811e+02 4.399868e+02
-7.788811e-06 4.080581e+02 3.271874e+02 4.517309e+02
-7.207377e-06 4.250229e+02 3.407900e+02 4.705114e+02
-6.618292e-06 3.981203e+02 3.192191e+02 4.407295e+02
-6.089524e-06 3.750884e+02 3.007518e+02 4.152326e+02
-5.717004e-06 3.675583e+02 2.947140e+02 4.068966e+02
-5.425514e-06 3.681303e+02 2.951727e+02 4.075298e+02
-5.246342e-06 3.396715e+02 2.723540e+02 3.760252e+02
-5.163730e-06 3.480576e+02 2.790781e+02 3.853089e+02
-5.182023e-06 3.721545e+02 2.983993e+02 4.119848e+02
-5.299101e-06 3.428330e+02 2.748889e+02 3.795251e+02
-5.444003e-06 3.437546e+02 2.756278e+02 3.805453e+02
-5.516411e-06 3.352339e+02 2.687958e+02 3.711127e+02
-5.499234e-06 3.234976e+02 2.593855e+02 3.581203e+02
-5.410151e-06 3.251195e+02 2.606859e+02 3.599157e+02
-5.305241e-06 3.286500e+02 2.635167e+02 3.638241e+02
-5.303126e-06 3.292644e+02 2.640093e+02 3.645042e+02
-5.312219e-06 3.593854e+02 2.881609e+02 3.978490e+02
-5.272957e-06 3.682657e+02 2.952813e+02 4.076798e+02
-5.231743e-06 3.674864e+02 2.946564e+02 4.068170e+02
-5.232641e-06 3.520425e+02 2.822732e+02 3.897203e+02
-5.281406e-06 3.203651e+02 2.568738e+02 3.546525e+02
-5.363837e-06 3.329859e+02 2.669933e+02 3.686241e+02
-5.558023e-06 3.486018e+02 2.795144e+02 3.859113e+02
-5.814538e-06 3.578307e+02 2.869142e+02 3.961279e+02
-6.076227e-06 3.624406e+02 2.906106e+02 4.012312e+02
-6.405377e-06 3.612152e+02 2.896281e+02 3.998747e+02
-6.742012e-06 3.680987e+02 2.951473e+02 4.074948e+02
-7.058912e-06 3.973623e+02 3.186113e+02 4.398904e+02
-7.347346e-06 3.893996e+02 3.122267e+02 4.310755e+02
-7.499653e-06 4.034752e+02 3.235127e+02 4.466575e+02
-7.687393e-06 3.921326e+02 3.144181e+02 4.341010e+02
-8.008808e-06 3.924146e+02 3.146442e+02 4.344132e+02
-8.283761e-06 3.755075e+02 3.010878e+02 4.156965e+02
-8.442184e-06 3.589510e+02 2.878125e+02 3.973681e+02
-8.557052e-06 3.584900e+02 2.874429e+02 3.968577e+02
-8.661160e-06 3.651778e+02 2.928053e+02 4.042613e+02
-8.554167e-06 3.546953e+02 2.844003e+02 3.926569e+02
-8.238789e-06 3.555121e+02 2.850552e+02 3.935611e+02
-7.882214e-06 3.574849e+02 2.866370e+02 3.957451e+02
-7.477902e-06 3.818817e+02 3.061988e+02 4.227530e+02
-7.193052e-06 3.503219e+02 2.808936e+02 3.878154e+02
-6.996288e-06 3.634976e+02 2.914581e+02 4.024013e+02
-6.805310e-06 3.708648e+02 2.973652e+02 4.105570e+02
-6.691244e-06 3.761680e+02 3.016174e+02 4.164278e+02
-6.592271e-06 3.638640e+02 2.917519e+02 4.028069e+02
-6.495942e-06 3.537428e+02 2.836365e+02 3.916025e+02
-6.341262e-06 3.450061e+02 2.766313e+02 3.819308e+02
-6.190690e-06 3.707327e+02 2.972593e+02 4.104107e+02
-6.204291e-06 3.716100e+02 2.979627e+02 4.113819e+02
-6.349984e-06 3.692637e+02 2.960814e+02 4.087845e+02
-6.526334e-06 3.749099e+02 3.006086e+02 4.150350e+02
-6.746309e-06 3.758509e+02 3.013631e+02 4.160767e+02
-6.921339e-06 3.814814e+02 3.058778e+02 4.223099e+02
-7.008954e-06 4.040229e+02 3.239519e+02 4.472639e+02
-7.201043e-06 3.753124e+02 3.009314e+02 4.154806e+02
-7.403466e-06 3.828836e+02 3.070021e+02 4.238621e+02
-7.546796e-06 3.549178e+02 2.845787e+02 3.929032e+02
-7.722151e-06 3.424873e+02 2.746117e+02 3.791423e+02
-7.806641e-06 3.356696e+02 2.691451e+02 3.715950e+02
-7.900249e-06 3.467091e+02 2.779968e+02 3.838160e+02
-8.132510e-06 3.536340e+02 2.835493e+02 3.914821e+02
-8.440302e-06 3.115239e+02 2.497847e+02 3.448650e+02
-8.881736e-06 3.418071e+02 2.740663e+02 3.783893e+02
-9.104567e-06 3.569566e+02 2.862134e+02 3.951603e+02
-8.938216e-06 3.663948e+02 2.937811e+02 4.056086e+02
-8.561574e-06 3.748629e+02 3.005710e+02 4.149830e+02
-8.358973e-06 3.809600e+02 3.054597e+02 4.217326e+02
-8.317214e-06 4.095066e+02 3.283489e+02 4.533345e+02
-8.052879e-06 3.971729e+02 3.184594e+02 4.396807e+02
-7.662122e-06 3.752129e+02 3.008516e+02 4.153705e+02
-7.326952e-06 3.837427e+02 3.076909e+02 4.248132e+02
-7.061092e-06 3.931000e+02 3.151938e+02 4.351720e+02
-6.831522e-06 3.408351e+02 2.732869e+02 3.773134e+02
-6.697174e-06 3.375653e+02 2.706652e+02 3.736936e+02
-6.555213e-06 3.293549e+02 2.640819e+02 3.646044e+02
-6.279361e-06 3.238913e+02 2.597011e+02 3.585561e+02
-6.013574e-06 3.293658e+02 2.640907e+02 3.646165e+02
-5.898495e-06 3.473913e+02 2.785438e+02 3.845712e+02
-5.847077e-06 3.732626e+02 2.992878e+02 4.132114e+02
-5.737373e-06 3.897886e+02 3.125386e+02 4.315061e+02
-5.557497e-06 3.688151e+02 2.957217e+02 4.082879e+02
-5.291270e-06 3.645820e+02 2.923275e+02 4.036017e+02
-5.051360e-06 3.734596e+02 2.994457e+02 4.134295e+02
-4.922790e-06 3.686462e+02 2.955864e+02 4.081010e+02
-4.815475e-06 3.766928e+02 3.020382e+02 4.170087e+02
-4.679594e-06 3.218070e+02 2.580299e+02 3.562487e+02
-4.514844e-06 3.141436e+02 2.518853e+02 3.477651e+02
-4.331071e-06 3.162671e+02 2.535880e+02 3.501160e+02
-4.195710e-06 3.324244e+02 2.665431e+02 3.680024e+02
-4.058386e-06 3.463941e+02 2.777442e+02 3.834673e+02
-3.929567e-06 3.542768e+02 2.840647e+02 3.921937e+02
-3.909573e-06 3.385359e+02 2.714434e+02 3.747681e+02
-3.896118e-06 3.481551e+02 2.791562e+02 3.854167e+02
-3.858116e-06 3.629343e+02 2.910064e+02 4.017777e+02
-3.847339e-06 3.716491e+02 2.979941e+02 4.114252e+02
-3.850642e-06 3.644214e+02 2.921988e+02 4.034239e+02
-3.837685e-06 3.595852e+02 2.883210e+02 3.980702e+02
-3.848845e-06 3.608172e+02 2.893089e+02 3.994340e+02
-3.875659e-06 3.592181e+02 2.880267e+02 3.976638e+02
-3.886483e-06 3.554441e+02 2.850007e+02 3.934859e+02
-3.919879e-06 3.441120e+02 2.759144e+02 3.809409e+02
-3.986298e-06 3.933979e+02 3.154326e+02 4.355017e+02
-4.014663e-06 3.942576e+02 3.161219e+02 4.364534e+02
-4.002936e-06 3.575823e+02 2.867151e+02 3.958529e+02
-4.032123e-06 3.455404e+02 2.770597e+02 3.825223e+02
-4.121452e-06 3.330770e+02 2.670664e+02 3.687249e+02
-4.222515e-06 3.597180e+02 2.884276e+02 3.982172e+02
-4.282417e-06 3.839114e+02 3.078262e+02 4.249999e+02
-4.377652e-06 3.928704e+02 3.150096e+02 4.349177e+02
-4.557302e-06 4.242050e+02 3.401342e+02 4.696060e+02
-4.697059e-06 4.320437e+02 3.464195e+02 4.782837e+02
-4.796780e-06 3.947023e+02 3.164785e+02 4.369457e+02
-4.910943e-06 3.868444e+02 3.101779e+02 4.282469e+02
-5.011620e-06 4.054446e+02 3.250919e+02 4.488378e+02
-5.111986e-06 3.850707e+02 3.087558e+02 4.262833e+02
-5.265539e-06 3.618759e+02 2.901578e+02 4.006060e+02
-5.412004e-06 3.583073e+02 2.872965e+02 3.966556e+02
-5.484124e-06 3.493156e+02 2.800867e+02 3.867015e+02
-5.575462e-06 3.611968e+02 2.896133e+02 3.998543e+02
-5.617704e-06 3.593912e+02 2.881655e+02 3.978555e+02
-5.543446e-06 3.830306e+02 3.071199e+02 4.240248e+02
-5.465634e-06 4.226496e+02 3.388871e+02 4.678841e+02
-5.340200e-06 4.892850e+02 3.923164e+02 5.416513e+02
-5.183603e-06 4.413027e+02 3.538434e+02 4.885336e+02
-5.016809e-06 4.640059e+02 3.720472e+02 5.136666e+02
-4.763477e-06 4.120671e+02 3.304019e+02 4.561690e+02
-4.462059e-06 3.873246e+02 3.105630e+02 4.287785e+02
-4.193370e-06 3.651105e+02 2.927513e+02 4.041868e+02
-3.984827e-06 3.663626e+02 2.937553e+02 4.055729e+02
-3.813490e-06 3.554874e+02 2.850354e+02 3.935339e+02
-3.681206e-06 4.074937e+02 3.267349e+02 4.511062e+02
-3.631741e-06 4.051035e+02 3.248183e+02 4.484601e+02
-3.655824e-06 4.393641e+02 3.522890e+02 4.863875e+02
-3.699598e-06 4.233996e+02 3.394885e+02 4.687144e+02
-3.744307e-06 4.050791e+02 3.247988e+02 4.484331e+02
-3.809855e-06 4.019276e+02 3.222718e+02 4.449443e+02
-3.908494e-06 4.033803e+02 3.234367e+02 4.465525e+02
-3.992674e-06 3.925814e+02 3.147779e+02 4.345978e+02
-4.126518e-06 3.924053e+02 3.146368e+02 4.344029e+02
-4.332045e-06 3.957555e+02 3.173230e+02 4.381117e+02
-4.526969e-06 4.042935e+02 3.241689e+02 4.475634e+02
-4.709250e-06 4.203204e+02 3.370195e+02 4.653056e+02
-4.896438e-06 3.953905e+02 3.170303e+02 4.377075e+02
-5.123968e-06 3.772116e+02 3.024542e+02 4.175830e+02
-5.427352e-06 4.211613e+02 3.376938e+02 4.662365e+02
-5.709369e-06 3.868466e+02 3.101797e+02 4.282493e+02
-5.927067e-06 3.815603e+02 3.059410e+02 4.223972e+02
-6.141202e-06 3.745017e+02 3.002813e+02 4.145831e+02
-6.195241e-06 3.589601e+02 2.878198e+02 3.973781e+02
-6.011034e-06 3.762178e+02 3.016573e+02 4.164829e+02
-5.738566e-06 3.616950e+02 2.900127e+02 4.004057e+02
-5.476397e-06 3.662693e+02 2.936805e+02 4.054696e+02
-5.197235e-06 4.005087e+02 3.211342e+02 4.433735e+02
-4.892021e-06 4.015398e+02 3.219609e+02 4.445150e+02
-4.603053e-06 4.124549e+02 3.307128e+02 4.565983e+02
-4.350173e-06 4.329218e+02 3.471235e+02 4.792558e+02
-4.136979e-06 4.216829e+02 3.381119e+02 4.668139e+02
-3.949703e-06 3.686363e+02 2.955783e+02 4.080899e+02
-3.786627e-06 3.621401e+02 2.903696e+02 4.008985e+02
-3.644394e-06 3.474873e+02 2.786208e+02 3.846775e+02
-3.525185e-06 3.381403e+02 2.711262e+02 3.743301e+02
-3.459975e-06 3.441606e+02 2.759533e+02 3.809947e+02
-3.417939e-06 3.291090e+02 2.638848e+02 3.643323e+02
-3.377006e-06 3.283423e+02 2.632700e+02 3.634834e+02
-3.357751e-06 3.491400e+02 2.799459e+02 3.865071e+02
-3.346914e-06 3.631688e+02 2.911944e+02 4.020373e+02
-3.340304e-06 3.298406e+02 2.644714e+02 3.651421e+02
-3.352456e-06 3.338547e+02 2.676899e+02 3.695859e+02
-3.393189e-06 3.456050e+02 2.771115e+02 3.825937e+02
-3.439615e-06 3.408759e+02 2.733196e+02 3.773585e+02
-3.496081e-06 3.107841e+02 2.491915e+02 3.440460e+02
-3.558227e-06 3.199127e+02 2.565111e+02 3.541517e+02
-3.594510e-06 2.960679e+02 2.373919e+02 3.277549e+02
-3.658459e-06 2.993387e+02 2.400145e+02 3.313758e+02
-3.754501e-06 3.145209e+02 2.521878e+02 3.481829e+02
-3.854640e-06 3.396952e+02 2.723729e+02 3.760514e+02
-3.985064e-06 3.471485e+02 2.783491e+02 3.843024e+02
-4.115256e-06 3.358380e+02 2.692802e+02 3.717814e+02
-4.195962e-06 3.462259e+02 2.776093e+02 3.832810e+02
-4.219946e-06 3.463036e+02 2.776717e+02 3.833671e+02
-4.183970e-06 3.313756e+02 2.657022e+02 3.668415e+02
-4.138817e-06 3.101845e+02 2.487108e+02 3.433824e+02
-4.152194e-06 3.156041e+02 2.530563e+02 3.493820e+02
-4.159244e-06 3.430469e+02 2.750604e+02 3.797618e+02
-4.114001e-06 3.329195e+02 2.669401e+02 3.685506e+02
-4.005264e-06 3.613330e+02 2.897225e+02 4.000051e+02
-3.856140e-06 3.713138e+02 2.977252e+02 4.110541e+02
-3.757709e-06 3.799621e+02 3.046596e+02 4.206279e+02
-3.704633e-06 3.935366e+02 3.155438e+02 4.356552e+02
-3.666246e-06 3.622535e+02 2.904605e+02 4.010240e+02
-3.607611e-06 3.393458e+02 2.720928e+02 3.756647e+02
-3.535671e-06 3.403514e+02 2.728991e+02 3.767779e+02
-3.470473e-06 3.260877e+02 2.614622e+02 3.609876e+02
-3.386064e-06 3.284535e+02 2.633591e+02 3.636065e+02
-3.314745e-06 3.515861e+02 2.819072e+02 3.892149e+02
-3.256112e-06 3.960886e+02 3.175901e+02 4.384804e+02
-3.184557e-06 3.666678e+02 2.940000e+02 4.059108e+02
-3.111398e-06 3.798112e+02 3.045386e+02 4.204609e+02
-3.069801e-06 3.650488e+02 2.927019e+02 4.041185e+02
-3.067575e-06 3.590393e+02 2.878834e+02 3.974659e+02
-3.073378e-06 3.340746e+02 2.678663e+02 3.698293e+02
-3.050193e-06 3.015910e+02 2.418204e+02 3.338691e+02
-3.019602e-06 3.168610e+02 2.540641e+02 3.507734e+02
-3.016384e-06 2.953630e+02 2.368267e+02 3.269745e+02
-3.010364e-06 3.283753e+02 2.632965e+02 3.635200e+02
-2.992193e-06 3.308023e+02 2.652425e+02 3.662067e+02
-2.981575e-06 3.120573e+02 2.502124e+02 3.454555e+02
-2.988040e-06 3.124844e+02 2.505549e+02 3.459284e+02
-3.044038e-06 3.078659e+02 2.468517e+02 3.408155e+02
-3.145117e-06 3.246801e+02 2.603336e+02 3.594293e+02
-3.292911e-06 3.325347e+02 2.666315e+02 3.681245e+02
-3.520964e-06 3.116507e+02 2.498864e+02 3.450054e+02
-3.814813e-06 3.237062e+02 2.595528e+02 3.583512e+02
-4.162710e-06 3.296821e+02 2.643443e+02 3.649667e+02
-4.542100e-06 3.590725e+02 2.879099e+02 3.975026e+02
-4.939990e-06 3.926680e+02 3.148474e+02 4.346937e+02
-5.328493e-06 4.075807e+02 3.268046e+02 4.512025e+02
-5.684233e-06 4.184165e+02 3.354929e+02 4.631979e+02
-6.090271e-06 4.234118e+02 3.394983e+02 4.687279e+02
-6.602700e-06 4.017782e+02 3.221521e+02 4.447790e+02
-7.096453e-06 3.694286e+02 2.962136e+02 4.089671e+02
-7.564893e-06 3.927737e+02 3.149321e+02 4.348107e+02
-7.891245e-06 4.181693e+02 3.352947e+02 4.629243e+02
-7.874969e-06 4.328643e+02 3.470774e+02 4.791921e+02
-7.734540e-06 4.420332e+02 3.544292e+02 4.893423e+02
-7.603460e-06 4.648640e+02 3.727353e+02 5.146166e+02
-7.552487e-06 4.622022e+02 3.706010e+02 5.116699e+02
-7.518957e-06 4.790047e+02 3.840735e+02 5.302707e+02
-7.454375e-06 4.723549e+02 3.787416e+02 5.229092e+02
-7.333223e-06 4.851629e+02 3.890112e+02 5.370880e+02
-7.246126e-06 4.550403e+02 3.648585e+02 5.037415e+02
-7.281414e-06 4.368500e+02 3.502732e+02 4.836043e+02
-7.347586e-06 4.246337e+02 3.404779e+02 4.700805e+02
-7.420754e-06 4.026462e+02 3.228480e+02 4.457398e+02
-7.421741e-06 3.654684e+02 2.930383e+02 4.045831e+02
-7.330444e-06 3.229411e+02 2.589392e+02 3.575042e+02
-7.192705e-06 3.640671e+02 2.919147e+02 4.030317e+02
-6.982637e-06 3.651132e+02 2.927535e+02 4.041898e+02
-6.737340e-06 3.480885e+02 2.791028e+02 3.853430e+02
-6.424301e-06 3.577538e+02 2.868526e+02 3.960428e+02
-6.123699e-06 3.549515e+02 2.846057e+02 3.929405e+02
-5.910895e-06 3.387674e+02 2.716290e+02 3.750244e+02
-5.785834e-06 3.508490e+02 2.813162e+02 3.883989e+02
-5.702512e-06 3.591822e+02 2.879980e+02 3.976241e+02
-5.594383e-06 3.381303e+02 2.711182e+02 3.743191e+02
-5.542119e-06 3.457547e+02 2.772316e+02 3.827595e+02
-5.568550e-06 3.249860e+02 2.605789e+02 3.597680e+02
-5.658426e-06 3.426767e+02 2.747635e+02 3.793520e+02
-5.798213e-06 3.657053e+02 2.932282e+02 4.048453e+02
-5.895895e-06 3.451596e+02 2.767544e+02 3.821007e+02
-5.966074e-06 3.408805e+02 2.733233e+02 3.773636e+02
-6.035419e-06 3.278986e+02 2.629142e+02 3.629923e+02
-6.096221e-06 3.482747e+02 2.792521e+02 3.855492e+02
-6.172379e-06 3.615963e+02 2.899336e+02 4.002965e+02
-6.329017e-06 3.853876e+02 3.090099e+02 4.266342e+02
-6.573409e-06 3.693127e+02 2.961208e+02 4.088388e+02
-6.819261e-06 3.435577e+02 2.754699e+02 3.803273e+02
-7.047462e-06 3.452145e+02 2.767984e+02 3.821614e+02
-7.219996e-06 3.526219e+02 2.827378e+02 3.903616e+02
-7.333043e-06 3.239365e+02 2.597374e+02 3.586062e+02
-7.423143e-06 3.371019e+02 2.702936e+02 3.731806e+02
-7.460406e-06 3.295030e+02 2.642007e+02 3.647684e+02
-7.484105e-06 3.303672e+02 2.648936e+02 3.657251e+02
-7.515499e-06 3.462399e+02 2.776206e+02 3.832966e+02
-7.501547e-06 3.390021e+02 2.718172e+02 3.752841e+02
-7.522301e-06 3.467634e+02 2.780403e+02 3.838761e+02
-7.583309e-06 3.349404e+02 2.685605e+02 3.707877e+02
-7.574960e-06 3.417027e+02 2.739826e+02 3.782738e+02
-7.592232e-06 3.720562e+02 2.983205e+02 4.118760e+02
-7.656503e-06 3.600746e+02 2.887134e+02 3.986119e+02
-7.736369e-06 3.499624e+02 2.806054e+02 3.874175e+02
-7.870186e-06 3.367679e+02 2.700258e+02 3.728108e+02
-8.123817e-06 3.543653e+02 2.841356e+02 3.922916e+02
-8.437082e-06 3.565440e+02 2.858826e+02 3.947035e+02
-8.664064e-06 3.412431e+02 2.736141e+02 3.777650e+02
-8.905002e-06 3.540221e+02 2.838605e+02 3.919117e+02
-9.237164e-06 3.783775e+02 3.033890e+02 4.188737e+02
-9.740779e-06 3.489081e+02 2.797600e+02 3.862504e+02
-1.020995e-05 3.565676e+02 2.859015e+02 3.947297e+02
-1.044031e-05 3.184555e+02 2.553427e+02 3.525386e+02
-1.056638e-05 3.311661e+02 2.655341e+02 3.666095e+02
-1.073178e-05 3.594068e+02 2.881780e+02 3.978727e+02
-1.102874e-05 3.777753e+02 3.029062e+02 4.182071e+02
-1.150877e-05 3.494966e+02 2.802319e+02 3.869018e+02
-1.192036e-05 3.305231e+02 2.650186e+02 3.658977e+02
-1.203811e-05 3.390464e+02 2.718528e+02 3.753332e+02
-1.207581e-05 3.520669e+02 2.822928e+02 3.897473e+02
-1.225215e-05 3.486413e+02 2.795460e+02 3.859550e+02
-1.267348e-05 3.486829e+02 2.795794e+02 3.860011e+02
-1.303477e-05 3.870787e+02 3.103658e+02 4.285062e+02
-1.302193e-05 3.997973e+02 3.205637e+02 4.425860e+02
-1.292709e-05 3.917823e+02 3.141372e+02 4.337132e+02
-1.306272e-05 3.735267e+02 2.994996e+02 4.135038e+02
-1.302589e-05 3.640365e+02 2.918902e+02 4.029979e+02
-1.279178e-05 3.730557e+02 2.991219e+02 4.129824e+02
-1.267841e-05 3.919955e+02 3.143081e+02 4.339492e+02
-1.264148e-05 3.856672e+02 3.092340e+02 4.269436e+02
-1.283432e-05 3.673546e+02 2.945507e+02 4.066711e+02
-1.316030e-05 3.661616e+02 2.935941e+02 4.053505e+02
-1.336853e-05 3.831876e+02 3.072459e+02 4.241987e+02
-1.354145e-05 4.154020e+02 3.330759e+02 4.598609e+02
-1.383534e-05 4.338251e+02 3.478478e+02 4.802557e+02
-1.444360e-05 4.095430e+02 3.283780e+02 4.533747e+02
-1.513568e-05 3.858253e+02 3.093608e+02 4.271187e+02
-1.567080e-05 3.443817e+02 2.761307e+02 3.812395e+02
-1.633125e-05 3.745265e+02 3.003012e+02 4.146105e+02
-1.761967e-05 3.554725e+02 2.850234e+02 3.935173e+02
-1.917025e-05 3.693069e+02 2.961160e+02 4.088323e+02
-2.035380e-05 3.721426e+02 2.983898e+02 4.119716e+02
-2.148408e-05 3.749455e+02 3.006372e+02 4.150745e+02
-2.232079e-05 3.969189e+02 3.182558e+02 4.393996e+02
-2.278548e-05 3.721754e+02 2.984161e+02 4.120079e+02
-2.307562e-05 3.825901e+02 3.067668e+02 4.235372e+02
-2.313822e-05 3.588025e+02 2.876934e+02 3.972037e+02
-2.293762e-05 3.728892e+02 2.989884e+02 4.127980e+02
-2.236160e-05 3.851669e+02 3.088329e+02 4.263898e+02
-2.144944e-05 4.124471e+02 3.307066e+02 4.565897e+02
-2.048790e-05 3.819657e+02 3.062661e+02 4.228460e+02
-1.980642e-05 3.983615e+02 3.194125e+02 4.409966e+02
-1.915194e-05 3.945160e+02 3.163291e+02 4.367395e+02
-1.856615e-05 4.455884e+02 3.572798e+02 4.932780e+02
-1.830672e-05 4.726105e+02 3.789465e+02 5.231921e+02
-1.822636e-05 4.622063e+02 3.706042e+02 5.116744e+02
-1.850362e-05 4.262493e+02 3.417734e+02 4.718691e+02
-1.912139e-05 3.900246e+02 3.127278e+02 4.317673e+02
-1.984446e-05 3.627772e+02 2.908805e+02 4.016038e+02
-2.039839e-05 3.484259e+02 2.793734e+02 3.857166e+02
-2.079609e-05 3.483445e+02 2.793081e+02 3.856264e+02
-2.128913e-05 3.408988e+02 2.733380e+02 3.773839e+02
-2.196027e-05 3.407826e+02 2.732448e+02 3.772552e+02
-2.253574e-05 3.534660e+02 2.834146e+02 3.912960e+02
-2.272458e-05 3.594128e+02 2.881829e+02 3.978794e+02
-2.272680e-05 3.790508e+02 3.039289e+02 4.196191e+02
-2.287825e-05 3.924279e+02 3.146549e+02 4.344280e+02
-2.325619e-05 3.948459e+02 3.165936e+02 4.371047e+02
-2.363534e-05 3.742305e+02 3.000639e+02 4.142830e+02
-2.381048e-05 3.695532e+02 2.963135e+02 4.091050e+02
-2.366233e-05 3.870141e+02 3.103140e+02 4.284347e+02
-2.357488e-05 4.221619e+02 3.384960e+02 4.673442e+02
-2.356757e-05 4.153160e+02 3.330069e+02 4.597657e+02
-2.360989e-05 4.041662e+02 3.240668e+02 4.474226e+02
-2.353805e-05 3.958886e+02 3.174297e+02 4.382590e+02
-2.303200e-05 3.855817e+02 3.091655e+02 4.268490e+02
-2.239427e-05 3.603171e+02 2.889079e+02 3.988805e+02
-2.169259e-05 3.480020e+02 2.790335e+02 3.852473e+02
-2.121661e-05 3.324575e+02 2.665696e+02 3.680391e+02
-2.112112e-05 3.435284e+02 2.754464e+02 3.802949e+02
-2.106630e-05 3.414071e+02 2.737456e+02 3.779466e+02
-2.087121e-05 3.433710e+02 2.753202e+02 3.801206e+02
-2.066598e-05 3.437843e+02 2.756516e+02 3.805782e+02
-2.054016e-05 3.617908e+02 2.900895e+02 4.005118e+02
-2.066525e-05 3.792540e+02 3.040918e+02 4.198440e+02
-2.116164e-05 3.701352e+02 2.967802e+02 4.097493e+02
-2.193946e-05 3.807281e+02 3.052737e+02 4.214759e+02
-2.292166e-05 4.064679e+02 3.259123e+02 4.499705e+02
-2.368751e-05 3.860971e+02 3.095788e+02 4.274196e+02
-2.420777e-05 4.102375e+02 3.289349e+02 4.541436e+02
-2.449113e-05 3.955868e+02 3.171877e+02 4.379249e+02
-2.502795e-05 4.182567e+02 3.353648e+02 4.630210e+02
-2.626433e-05 3.883261e+02 3.113659e+02 4.298871e+02
-2.690664e-05 3.697683e+02 2.964860e+02 4.093431e+02
-2.683722e-05 3.850543e+02 3.087426e+02 4.262651e+02
-2.686955e-05 4.031729e+02 3.232704e+02 4.463229e+02
-2.748336e-05 4.139834e+02 3.319384e+02 4.582905e+02
-2.851246e-05 4.354825e+02 3.491767e+02 4.820904e+02
-2.981963e-05 4.306450e+02 3.452980e+02 4.767353e+02
-3.180948e-05 3.948766e+02 3.166182e+02 4.371387e+02
-3.412065e-05 3.844399e+02 3.082500e+02 4.255850e+02
-3.641311e-05 3.801107e+02 3.047787e+02 4.207924e+02
-3.839954e-05 3.483391e+02 2.793038e+02 3.856205e+02
-4.059772e-05 3.491631e+02 2.799645e+02 3.865327e+02
-4.340480e-05 3.495040e+02 2.802378e+02 3.869100e+02
-4.553760e-05 3.497327e+02 2.804212e+02 3.871632e+02
-4.719356e-05 3.686104e+02 2.955576e+02 4.080613e+02
-4.963414e-05 3.249987e+02 2.605891e+02 3.597821e+02
-5.480355e-05 3.220807e+02 2.582493e+02 3.565517e+02
-6.232048e-05 3.116030e+02 2.498482e+02 3.449526e+02
-6.952946e-05 3.206717e+02 2.571196e+02 3.549919e+02
-7.716725e-05 3.744265e+02 3.002210e+02 4.144999e+02
-8.361896e-05 3.696844e+02 2.964188e+02 4.092503e+02
-8.975536e-05 3.479057e+02 2.789562e+02 3.851406e+02
-9.985815e-05 3.418925e+02 2.741347e+02 3.784839e+02
-1.131833e-04 3.660337e+02 2.934915e+02 4.052088e+02
-1.284283e-04 3.630051e+02 2.910632e+02 4.018561e+02
-1.483891e-04 3.376516e+02 2.707344e+02 3.737892e+02
-1.656685e-04 3.632403e+02 2.912518e+02 4.021165e+02
-1.695804e-04 3.659227e+02 2.934026e+02 4.050860e+02
-1.695543e-04 3.787994e+02 3.037273e+02 4.193409e+02
-1.646539e-04 3.841609e+02 3.080263e+02 4.252762e+02
-1.568866e-04 4.115189e+02 3.299623e+02 4.555622e+02
-1.513963e-04 3.986484e+02 3.196426e+02 4.413142e+02
-1.467955e-04 4.410257e+02 3.536213e+02 4.882269e+02
-1.416785e-04 4.050630e+02 3.247859e+02 4.484153e+02
-1.314232e-04 4.038530e+02 3.238157e+02 4.470758e+02
-1.210072e-04 4.001138e+02 3.208175e+02 4.429364e+02
-1.088553e-04 4.004814e+02 3.211123e+02 4.433433e+02
-9.467240e-05 3.953583e+02 3.170045e+02 4.376719e+02
-8.413533e-05 3.993041e+02 3.201683e+02 4.420401e+02
-7.779556e-05 4.114255e+02 3.298874e+02 4.554588e+02
-7.389536e-05 4.126062e+02 3.308341e+02 4.567658e+02
-7.165620e-05 4.006069e+02 3.212129e+02 4.434823e+02
-7.003527e-05 3.933297e+02 3.153779e+02 4.354262e+02
-6.753428e-05 3.939126e+02 3.158453e+02 4.360715e+02
-6.405393e-05 3.697142e+02 2.964427e+02 4.092833e+02
-6.110914e-05 3.600224e+02 2.886716e+02 3.985541e+02
-6.100477e-05 3.832968e+02 3.073334e+02 4.243196e+02
-6.176019e-05 3.945568e+02 3.163618e+02 4.367846e+02
-6.071668e-05 4.181166e+02 3.352525e+02 4.628660e+02
-5.963052e-05 4.092611e+02 3.281520e+02 4.530627e+02
-5.858715e-05 3.673850e+02 2.945751e+02 4.067048e+02
-5.768720e-05 3.668342e+02 2.941334e+02 4.060950e+02
-5.710447e-05 3.955184e+02 3.171329e+02 4.378492e+02
-5.692703e-05 3.957406e+02 3.173110e+02 4.380952e+02
-5.702259e-05 3.710995e+02 2.975534e+02 4.108168e+02
-5.692770e-05 3.794065e+02 3.042141e+02 4.200128e+02
-5.667657e-05 3.995890e+02 3.203968e+02 4.423555e+02
-5.524294e-05 4.058699e+02 3.254328e+02 4.493085e+02
-5.263691e-05 4.194855e+02 3.363501e+02 4.643814e+02
-5.001337e-05 4.018359e+02 3.221983e+02 4.448428e+02
-4.646403e-05 3.905533e+02 3.131517e+02 4.323526e+02
-4.270015e-05 4.024186e+02 3.226656e+02 4.454879e+02
-4.025966e-05 3.745568e+02 3.003256e+02 4.146442e+02
-3.840486e-05 3.860930e+02 3.095755e+02 4.274151e+02
-3.728048e-05 3.612783e+02 2.896786e+02 3.999445e+02
-3.701505e-05 3.616813e+02 2.900017e+02 4.003906e+02
-3.716405e-05 3.606781e+02 2.891973e+02 3.992800e+02
-3.766128e-05 3.294631e+02 2.641687e+02 3.647242e+02
-3.758792e-05 3.431084e+02 2.751097e+02 3.798299e+02
-3.697820e-05 3.237825e+02 2.596139e+02 3.584357e+02
-3.651910e-05 3.596864e+02 2.884022e+02 3.981822e+02
-3.651383e-05 3.718568e+02 2.981606e+02 4.116551e+02
-3.670439e-05 3.335531e+02 2.674481e+02 3.692519e+02
-3.632491e-05 3.113541e+02 2.496486e+02 3.446772e+02
-3.568237e-05 3.089785e+02 2.477438e+02 3.420473e+02
-3.476268e-05 3.284989e+02 2.633956e+02 3.636569e+02
-3.340325e-05 3.408075e+02 2.732648e+02 3.772828e+02
-3.253384e-05 3.494575e+02 2.802005e+02 3.868585e+02
-3.288337e-05 3.561976e+02 2.856048e+02 3.943200e+02
-3.335167e-05 3.680720e+02 2.951259e+02 4.074653e+02
-3.353226e-05 4.164515e+02 3.339173e+02 4.610226e+02
-3.446257e-05 3.868664e+02 3.101956e+02 4.282712e+02
-3.591011e-05 3.628665e+02 2.909520e+02 4.017026e+02
-3.770679e-05 3.939326e+02 3.158614e+02 4.360937e+02
-4.109886e-05 3.807699e+02 3.053073e+02 4.215222e+02
-4.702353e-05 3.750125e+02 3.006909e+02 4.151486e+02
-5.609964e-05 3.896967e+02 3.124649e+02 4.314044e+02
-7.048902e-05 4.062586e+02 3.257445e+02 4.497389e+02
-9.169233e-05 3.958238e+02 3.173777e+02 4.381873e+02
-1.231717e-04 4.020300e+02 3.223539e+02 4.450577e+02
-1.633340e-04 3.720972e+02 2.983534e+02 4.119213e+02
-2.079013e-04 3.667766e+02 2.940873e+02 4.060313e+02
-2.586910e-04 3.573633e+02 2.865395e+02 3.956105e+02
-3.075360e-04 3.580677e+02 2.871043e+02 3.963902e+02
-3.580642e-04 3.548099e+02 2.844922e+02 3.927838e+02
-4.178927e-04 3.846107e+02 3.083869e+02 4.257741e+02
-4.892972e-04 3.739187e+02 2.998138e+02 4.139377e+02
-5.880262e-04 4.111925e+02 3.297006e+02 4.552008e+02
-7.117661e-04 4.156988e+02 3.333139e+02 4.601894e+02
-8.460851e-04 4.105112e+02 3.291543e+02 4.544466e+02
-9.841328e-04 4.260822e+02 3.416394e+02 4.716841e+02
-1.128418e-03 4.292302e+02 3.441635e+02 4.751690e+02
-1.291218e-03 4.389545e+02 3.519606e+02 4.859341e+02
-1.381798e-03 4.532509e+02 3.634237e+02 5.017606e+02
-1.377413e-03 4.094953e+02 3.283398e+02 4.533220e+02
-1.389490e-03 4.204655e+02 3.371358e+02 4.654663e+02
-1.497742e-03 4.114714e+02 3.299242e+02 4.555095e+02
-1.696439e-03 4.018216e+02 3.221869e+02 4.448270e+02
-1.812854e-03 3.900456e+02 3.127447e+02 4.317906e+02
-1.680833e-03 3.998983e+02 3.206447e+02 4.426979e+02
-1.466033e-03 4.013510e+02 3.218095e+02 4.443060e+02
-1.276127e-03 3.692423e+02 2.960643e+02 4.087608e+02
-1.124903e-03 3.853098e+02 3.089475e+02 4.265480e+02
-1.006592e-03 3.900810e+02 3.127730e+02 4.318298e+02
-8.871291e-04 3.624940e+02 2.906534e+02 4.012903e+02
-7.838156e-04 3.618413e+02 2.901300e+02 4.005677e+02
-7.027492e-04 3.725777e+02 2.987387e+02 4.124532e+02
-6.383928e-04 3.958443e+02 3.173941e+02 4.382099e+02
-5.860381e-04 4.092602e+02 3.281513e+02 4.530617e+02
-5.396954e-04 3.912446e+02 3.137061e+02 4.331180e+02
-5.086319e-04 3.781337e+02 3.031935e+02 4.186038e+02
-4.622853e-04 3.948698e+02 3.166128e+02 4.371311e+02
-4.140028e-04 4.137056e+02 3.317156e+02 4.579828e+02
-3.941424e-04 3.948043e+02 3.165603e+02 4.370586e+02
-3.763392e-04 3.877550e+02 3.109081e+02 4.292549e+02
-3.424748e-04 3.643672e+02 2.921553e+02 4.033639e+02
-2.999466e-04 3.504630e+02 2.810067e+02 3.879717e+02
-2.557551e-04 3.559110e+02 2.853751e+02 3.940028e+02
-2.216093e-04 3.955610e+02 3.171670e+02 4.378964e+02
-2.062140e-04 3.756678e+02 3.012163e+02 4.158740e+02
-2.027947e-04 3.527869e+02 2.828701e+02 3.905443e+02
-2.014963e-04 3.857144e+02 3.092719e+02 4.269959e+02
-2.028658e-04 4.065133e+02 3.259487e+02 4.500208e+02
-2.144654e-04 3.760641e+02 3.015341e+02 4.163127e+02
-2.311306e-04 3.575262e+02 2.866701e+02 3.957908e+02
-2.500819e-04 3.506916e+02 2.811900e+02 3.882248e+02
-2.657033e-04 3.841198e+02 3.079933e+02 4.252307e+02
-2.686251e-04 3.937425e+02 3.157089e+02 4.358832e+02
-2.675119e-04 3.698642e+02 2.965629e+02 4.094493e+02
-2.700557e-04 3.436595e+02 2.755516e+02 3.804400e+02
-2.819921e-04 3.486589e+02 2.795602e+02 3.859745e+02
-2.989203e-04 3.709351e+02 2.974216e+02 4.106348e+02
-3.166399e-04 3.839994e+02 3.078968e+02 4.250974e+02
-3.174356e-04 3.901506e+02 3.128289e+02 4.319069e+02
-3.074786e-04 4.226209e+02 3.388641e+02 4.678523e+02
-3.114853e-04 4.181298e+02 3.352630e+02 4.628805e+02
-3.120223e-04 4.404613e+02 3.531688e+02 4.876021e+02
-3.041038e-04 4.359238e+02 3.495306e+02 4.825790e+02
-2.823812e-04 4.135320e+02 3.315764e+02 4.577907e+02
-2.701136e-04 3.948709e+02 3.166137e+02 4.371323e+02
-2.742022e-04 3.779748e+02 3.030662e+02 4.184280e+02
-2.846713e-04 3.789539e+02 3.038512e+02 4.195118e+02
-3.054693e-04 3.889341e+02 3.118535e+02 4.305602e+02
-3.290103e-04 3.690168e+02 2.958835e+02 4.085112e+02
-3.536075e-04 4.065316e+02 3.259634e+02 4.500411e+02
-3.889435e-04 4.211176e+02 3.376587e+02 4.661882e+02
-4.565186e-04 4.144916e+02 3.323459e+02 4.588530e+02
-5.699444e-04 4.221744e+02 3.385061e+02 4.673581e+02
-7.491604e-04 3.860758e+02 3.095616e+02 4.273960e+02
-9.939146e-04 4.017761e+02 3.221504e+02 4.447766e+02
-1.312705e-03 3.937476e+02 3.157130e+02 4.358888e+02
-1.755266e-03 3.698071e+02 2.965172e+02 4.093861e+02
-2.325390e-03 4.008506e+02 3.214083e+02 4.437520e+02
-3.181401e-03 3.717514e+02 2.980761e+02 4.115385e+02
-4.457560e-03 3.792680e+02 3.041030e+02 4.198596e+02
-5.859395e-03 3.756712e+02 3.012191e+02 4.158778e+02
-7.107434e-03 3.643774e+02 2.921635e+02 4.033753e+02
-8.253924e-03 3.802664e+02 3.049036e+02 4.209648e+02
-8.414871e-03 3.749803e+02 3.006651e+02 4.151130e+02
-7.072897e-03 3.839049e+02 3.078209e+02 4.249927e+02
-5.228815e-03 3.733705e+02 2.993743e+02 4.133309e+02
-3.645030e-03 3.659265e+02 2.934056e+02 4.050901e+02
-2.492344e-03 3.819587e+02 3.062605e+02 4.228383e+02
-1.692052e-03 3.923208e+02 3.145690e+02 4.343093e+02
-1.201997e-03 3.601539e+02 2.887770e+02 3.986997e+02
-9.029761e-04 3.674198e+02 2.946030e+02 4.067433e+02
-6.595946e-04 3.823535e+02 3.065771e+02 4.232753e+02
-4.720758e-04 3.521623e+02 2.823692e+02 3.898528e+02
-3.442718e-04 3.710107e+02 2.974822e+02 4.107185e+02
-2.579174e-04 3.865459e+02 3.099386e+02 4.279164e+02
-1.954819e-04 3.768403e+02 3.021564e+02 4.171720e+02
-1.502975e-04 4.045604e+02 3.243829e+02 4.478589e+02
-1.230033e-04 4.095944e+02 3.284192e+02 4.534317e+02
-1.054833e-04 4.013495e+02 3.218084e+02 4.443044e+02
-9.246171e-05 4.074940e+02 3.267351e+02 4.511065e+02
-8.463698e-05 4.363194e+02 3.498477e+02 4.830169e+02
-8.038535e-05 4.567776e+02 3.662515e+02 5.056648e+02
-7.942034e-05 4.065811e+02 3.260031e+02 4.500959e+02
-8.405685e-05 3.903960e+02 3.130257e+02 4.321786e+02
-9.117523e-05 3.954287e+02 3.170610e+02 4.377499e+02
-9.581907e-05 4.016388e+02 3.220403e+02 4.446246e+02
-9.697861e-05 3.978595e+02 3.190100e+02 4.404408e+02
-9.743605e-05 3.771631e+02 3.024153e+02 4.175293e+02
-9.976745e-05 3.698404e+02 2.965439e+02 4.094230e+02
-1.037150e-04 3.852758e+02 3.089202e+02 4.265104e+02
-1.068287e-04 3.855990e+02 3.091793e+02 4.268681e+02
-1.053396e-04 3.802667e+02 3.049038e+02 4.209651e+02
-1.027445e-04 3.857674e+02 3.093144e+02 4.270545e+02
-9.976115e-05 3.940385e+02 3.159462e+02 4.362108e+02
-9.604868e-05 3.997514e+02 3.205270e+02 4.425353e+02
-9.334286e-05 4.076107e+02 3.268287e+02 4.512357e+02
-8.970170e-05 3.746433e+02 3.003949e+02 4.147399e+02
-8.329006e-05 3.715639e+02 2.979257e+02 4.113309e+02
-7.534874e-05 3.936145e+02 3.156063e+02 4.357415e+02
-6.851422e-05 3.834943e+02 3.074917e+02 4.245382e+02
-6.394501e-05 3.953734e+02 3.170166e+02 4.376887e+02
-6.195073e-05 3.608692e+02 2.893506e+02 3.994915e+02
-6.062448e-05 3.868863e+02 3.102115e+02 4.282933e+02
-5.987011e-05 4.121637e+02 3.304793e+02 4.562759e+02
-6.006486e-05 3.874064e+02 3.106285e+02 4.288689e+02
-6.046015e-05 4.066208e+02 3.260350e+02 4.501398e+02
-6.178929e-05 3.904489e+02 3.130681e+02 4.322371e+02
-6.327319e-05 3.896461e+02 3.124244e+02 4.313484e+02
-6.479179e-05 4.146240e+02 3.324520e+02 4.589996e+02
-6.674003e-05 4.345821e+02 3.484548e+02 4.810937e+02
-6.968294e-05 4.411784e+02 3.537438e+02 4.883960e+02
-7.230750e-05 4.289573e+02 3.439447e+02 4.748669e+02
-7.290848e-05 4.575730e+02 3.668892e+02 5.065452e+02
-7.357985e-05 4.349638e+02 3.487608e+02 4.815162e+02
-7.463940e-05 4.317994e+02 3.462235e+02 4.780131e+02
-7.400202e-05 4.193136e+02 3.362122e+02 4.641911e+02
-7.130953e-05 4.395094e+02 3.524055e+02 4.865483e+02
-6.690982e-05 3.851189e+02 3.087944e+02 4.263367e+02
-6.354937e-05 3.653124e+02 2.929132e+02 4.044103e+02
-6.244961e-05 4.296509e+02 3.445009e+02 4.756348e+02
-6.192972e-05 4.356692e+02 3.493264e+02 4.822972e+02
-6.083959e-05 4.339501e+02 3.479480e+02 4.803940e+02
-5.897293e-05 4.204075e+02 3.370894e+02 4.654021e+02
-5.508593e-05 3.776921e+02 3.028395e+02 4.181150e+02
-5.078387e-05 3.883516e+02 3.113864e+02 4.299154e+02
-4.860642e-05 3.601643e+02 2.887854e+02 3.987113e+02
-4.708005e-05 3.730080e+02 2.990836e+02 4.129295e+02
-4.594182e-05 3.359457e+02 2.693665e+02 3.719006e+02
-4.482187e-05 3.493086e+02 2.800811e+02 3.866937e+02
-4.443779e-05 3.763545e+02 3.017670e+02 4.166343e+02
-4.555283e-05 3.767700e+02 3.021001e+02 4.170942e+02
-4.592853e-05 3.909441e+02 3.134651e+02 4.327853e+02
-4.563102e-05 3.784252e+02 3.034272e+02 4.189265e+02
-4.582877e-05 3.711658e+02 2.976066e+02 4.108903e+02
-4.778761e-05 3.759149e+02 3.014145e+02 4.161476e+02
-5.102238e-05 3.666092e+02 2.939530e+02 4.058459e+02
-5.340289e-05 3.695493e+02 2.963105e+02 4.091007e+02
-5.667468e-05 3.706523e+02 2.971949e+02 4.103218e+02
-6.128134e-05 3.822450e+02 3.064901e+02 4.231552e+02
-6.570935e-05 3.597072e+02 2.884189e+02 3.982053e+02
-6.971349e-05 3.484478e+02 2.793909e+02 3.857407e+02
-7.190226e-05 3.499211e+02 2.805722e+02 3.873717e+02
-7.044403e-05 3.489962e+02 2.798306e+02 3.863479e+02
-6.599397e-05 3.805942e+02 3.051664e+02 4.213277e+02
-6.134966e-05 3.740232e+02 2.998977e+02 4.140535e+02
-5.716284e-05 3.565289e+02 2.858705e+02 3.946868e+02
-5.445550e-05 3.534866e+02 2.834311e+02 3.913189e+02
-5.447605e-05 3.432902e+02 2.752555e+02 3.800312e+02
-5.443180e-05 3.507917e+02 2.812703e+02 3.883355e+02
-5.301283e-05 3.665274e+02 2.938874e+02 4.057554e+02
-5.103148e-05 3.832441e+02 3.072911e+02 4.242612e+02
-5.003388e-05 3.736052e+02 2.995625e+02 4.135907e+02
-5.101043e-05 3.985514e+02 3.195648e+02 4.412068e+02
-5.330167e-05 3.758249e+02 3.013423e+02 4.160479e+02
-5.643880e-05 3.554484e+02 2.850041e+02 3.934906e+02
-5.912550e-05 3.650906e+02 2.927353e+02 4.041648e+02
-6.278558e-05 3.662624e+02 2.936750e+02 4.054620e+02
-6.876377e-05 3.733160e+02 2.993307e+02 4.132706e+02
-7.664601e-05 3.763468e+02 3.017608e+02 4.166257e+02
-8.437686e-05 3.948274e+02 3.165788e+02 4.370842e+02
-9.041376e-05 3.741167e+02 2.999726e+02 4.141569e+02
-9.602336e-05 3.623648e+02 2.905498e+02 4.011473e+02
-1.040200e-04 3.689770e+02 2.958515e+02 4.084671e+02
-1.171341e-04 3.460944e+02 2.775039e+02 3.831355e+02
-1.314262e-04 3.544012e+02 2.841645e+02 3.923314e+02
-1.496633e-04 3.058419e+02 2.452288e+02 3.385749e+02
-1.709108e-04 3.164245e+02 2.537141e+02 3.502902e+02
-1.944984e-04 3.386336e+02 2.715217e+02 3.748762e+02
-2.210527e-04 3.514593e+02 2.818056e+02 3.890746e+02
-2.497200e-04 3.685310e+02 2.954939e+02 4.079734e+02
-2.852571e-04 3.387757e+02 2.716357e+02 3.750336e+02
-3.195582e-04 3.571653e+02 2.863807e+02 3.953912e+02
-3.629621e-04 3.638478e+02 2.917389e+02 4.027890e+02
-4.000064e-04 3.583681e+02 2.873452e+02 3.967229e+02
-4.135117e-04 3.689453e+02 2.958262e+02 4.084321e+02
-4.443760e-04 3.543568e+02 2.841289e+02 3.922822e+02
-4.904570e-04 3.388421e+02 2.716889e+02 3.751071e+02
-5.292034e-04 3.482814e+02 2.792575e+02 3.855566e+02
-5.409250e-04 3.600666e+02 2.887071e+02 3.986031e+02
-5.177448e-04 3.741181e+02 2.999738e+02 4.141585e+02
-5.092451e-04 3.662241e+02 2.936442e+02 4.054196e+02
-5.091231e-04 3.559133e+02 2.853769e+02 3.940053e+02
-5.130557e-04 3.461422e+02 2.775422e+02 3.831884e+02
-5.135189e-04 3.431816e+02 2.751684e+02 3.799110e+02
-5.118933e-04 3.486910e+02 2.795859e+02 3.860100e+02
-5.284074e-04 3.353062e+02 2.688538e+02 3.711927e+02
-5.635312e-04 3.434167e+02 2.753569e+02 3.801712e+02
-6.075438e-04 3.348868e+02 2.685175e+02 3.707284e+02
-6.427436e-04 3.698362e+02 2.965405e+02 4.094183e+02
-6.267708e-04 4.067867e+02 3.261679e+02 4.503234e+02
-5.745019e-04 3.960417e+02 3.175525e+02 4.384285e+02
-5.430054e-04 3.988597e+02 3.198119e+02 4.415480e+02
-5.225394e-04 3.765655e+02 3.019362e+02 4.168679e+02
-4.949367e-04 3.627733e+02 2.908774e+02 4.015995e+02
-4.483180e-04 3.539973e+02 2.838406e+02 3.918843e+02
-4.196095e-04 3.712232e+02 2.976526e+02 4.109537e+02
-4.079080e-04 3.673309e+02 2.945317e+02 4.066449e+02
-3.801464e-04 3.769951e+02 3.022806e+02 4.173434e+02
-3.534237e-04 3.900224e+02 3.127261e+02 4.317650e+02
-3.441196e-04 3.681855e+02 2.952170e+02 4.075910e+02
-3.348202e-04 3.579065e+02 2.869750e+02 3.962118e+02
-3.219230e-04 3.594426e+02 2.882067e+02 3.979123e+02
-3.224022e-04 3.356331e+02 2.691159e+02 3.715546e+02
-3.321875e-04 3.353310e+02 2.688737e+02 3.712202e+02
-3.362203e-04 3.499406e+02 2.805879e+02 3.873934e+02
-3.403072e-04 3.776705e+02 3.028222e+02 4.180911e+02
-3.711600e-04 4.014190e+02 3.218641e+02 4.443813e+02
-4.308195e-04 3.983072e+02 3.193690e+02 4.409364e+02
-5.197098e-04 4.065799e+02 3.260022e+02 4.500946e+02
-6.189141e-04 3.976839e+02 3.188692e+02 4.402464e+02
-6.808287e-04 3.774343e+02 3.026327e+02 4.178296e+02
-7.227267e-04 4.139599e+02 3.319196e+02 4.582644e+02
-7.398440e-04 4.190635e+02 3.360117e+02 4.639142e+02
-7.175453e-04 3.842361e+02 3.080865e+02 4.253594e+02
-6.898002e-04 3.561938e+02 2.856018e+02 3.943158e+02
-6.493270e-04 3.733081e+02 2.993243e+02 4.132617e+02
-5.862666e-04 3.690566e+02 2.959154e+02 4.085552e+02
-5.097920e-04 3.920197e+02 3.143275e+02 4.339760e+02
-4.238087e-04 3.717027e+02 2.980371e+02 4.114846e+02
-3.506993e-04 3.901750e+02 3.128485e+02 4.319339e+02
-2.966638e-04 3.458545e+02 2.773116e+02 3.828700e+02
-2.599121e-04 3.452648e+02 2.768388e+02 3.822172e+02
-2.397481e-04 3.288815e+02 2.637024e+02 3.640804e+02
-2.351234e-04 3.321522e+02 2.663248e+02 3.677011e+02
-2.424859e-04 3.377279e+02 2.707955e+02 3.738736e+02
-2.555609e-04 3.479962e+02 2.790288e+02 3.852409e+02
-2.748229e-04 3.473316e+02 2.784959e+02 3.845051e+02
-2.998668e-04 3.599034e+02 2.885762e+02 3.984225e+02
-3.357313e-04 3.850310e+02 3.087239e+02 4.262394e+02
-3.763940e-04 3.830828e+02 3.071618e+02 4.240826e+02
-4.052377e-04 3.930834e+02 3.151804e+02 4.351536e+02
-4.148201e-04 3.811306e+02 3.055965e+02 4.219215e+02
-3.904921e-04 3.510328e+02 2.814636e+02 3.886025e+02
-3.667906e-04 3.415234e+02 2.738389e+02 3.780753e+02
-3.606703e-04 3.403903e+02 2.729303e+02 3.768210e+02
-3.525092e-04 3.631793e+02 2.912029e+02 4.020490e+02
-3.403455e-04 3.659678e+02 2.934387e+02 4.051359e+02
-3.321950e-04 3.521164e+02 2.823325e+02 3.898021e+02
-3.209360e-04 3.376869e+02 2.707626e+02 3.738282e+02
-3.052534e-04 3.567034e+02 2.860104e+02 3.948799e+02
-2.976831e-04 3.426024e+02 2.747040e+02 3.792698e+02
-2.994960e-04 3.290028e+02 2.637996e+02 3.642147e+02
-3.005347e-04 3.346866e+02 2.683570e+02 3.705068e+02
-2.938731e-04 3.151706e+02 2.527088e+02 3.489021e+02
-2.822210e-04 3.446305e+02 2.763301e+02 3.815149e+02
-2.791457e-04 3.348661e+02 2.685009e+02 3.707055e+02
-2.828873e-04 3.173283e+02 2.544388e+02 3.512907e+02
-2.743207e-04 3.445795e+02 2.762893e+02 3.814585e+02
-2.607938e-04 3.331039e+02 2.670880e+02 3.687547e+02
-2.517331e-04 3.550716e+02 2.847020e+02 3.930735e+02
-2.524941e-04 3.482856e+02 2.792609e+02 3.855613e+02
-2.697820e-04 3.639967e+02 2.918582e+02 4.029538e+02
-2.977776e-04 3.832462e+02 3.072928e+02 4.242635e+02
-3.313966e-04 3.984663e+02 3.194965e+02 4.411125e+02
-3.708946e-04 3.919690e+02 3.142869e+02 4.339199e+02
-4.279187e-04 4.018830e+02 3.222361e+02 4.448949e+02
-5.210016e-04 4.384273e+02 3.515379e+02 4.853504e+02
-6.597254e-04 4.342952e+02 3.482247e+02 4.807761e+02
-8.846584e-04 4.186131e+02 3.356505e+02 4.634156e+02
-1.166969e-03 3.863512e+02 3.097824e+02 4.277008e+02
-1.436905e-03 3.802863e+02 3.049195e+02 4.209869e+02
