#E_pot  E_kin  T  P
-1.921583e-04 1.380078e+03 5.532840e+02 1.527782e+03
-2.029664e-04 1.510231e+03 6.054633e+02 1.671865e+03
-2.216067e-04 1.576154e+03 6.318924e+02 1.744843e+03
-2.494135e-04 1.563732e+03 6.269123e+02 1.731092e+03
-2.856600e-04 1.581379e+03 6.339872e+02 1.750628e+03
-3.297778e-04 1.554163e+03 6.230763e+02 1.720499e+03
-3.824255e-04 1.537338e+03 6.163308e+02 1.701873e+03
-4.435304e-04 1.570433e+03 6.295989e+02 1.738510e+03
-5.236873e-04 1.554265e+03 6.231171e+02 1.720612e+03
-6.324012e-04 1.512055e+03 6.061946e+02 1.673884e+03
-7.657258e-04 1.507889e+03 6.045244e+02 1.669272e+03
-8.955019e-04 1.539663e+03 6.172631e+02 1.704447e+03
-1.013447e-03 1.454038e+03 5.829354e+02 1.609658e+03
-1.127111e-03 1.419355e+03 5.690306e+02 1.571263e+03
-1.175693e-03 1.492330e+03 5.982867e+02 1.652048e+03
-1.162012e-03 1.438022e+03 5.765145e+02 1.591928e+03
-1.151814e-03 1.405156e+03 5.633379e+02 1.555544e+03
-1.171442e-03 1.392978e+03 5.584560e+02 1.542063e+03
-1.130377e-03 1.308935e+03 5.247622e+02 1.449025e+03
-1.044312e-03 1.282004e+03 5.139653e+02 1.419211e+03
-9.564485e-04 1.235067e+03 4.951481e+02 1.367252e+03
-8.969489e-04 1.264247e+03 5.068464e+02 1.399554e+03
-9.122090e-04 1.350399e+03 5.413854e+02 1.494926e+03
-9.928414e-04 1.423085e+03 5.705257e+02 1.575392e+03
-1.091151e-03 1.426936e+03 5.720699e+02 1.579655e+03
-1.163426e-03 1.428647e+03 5.727560e+02 1.581550e+03
-1.234452e-03 1.382039e+03 5.540702e+02 1.529953e+03
-1.329672e-03 1.384756e+03 5.551597e+02 1.532961e+03
-1.488477e-03 1.387073e+03 5.560886e+02 1.535526e+03
-1.730463e-03 1.406630e+03 5.639291e+02 1.557176e+03
-2.031231e-03 1.369612e+03 5.490882e+02 1.516196e+03
-2.233177e-03 1.400516e+03 5.614778e+02 1.550408e+03
-2.261111e-03 1.357465e+03 5.442183e+02 1.502749e+03
-2.379703e-03 1.395461e+03 5.594514e+02 1.544812e+03
-2.700287e-03 1.340738e+03 5.375125e+02 1.484232e+03
-2.962890e-03 1.388385e+03 5.566144e+02 1.536978e+03
-2.992088e-03 1.458123e+03 5.845731e+02 1.614180e+03
-3.109560e-03 1.450373e+03 5.814658e+02 1.605600e+03
-3.472761e-03 1.407281e+03 5.641899e+02 1.557897e+03
-4.056752e-03 1.403163e+03 5.625392e+02 1.553338e+03
-4.502633e-03 1.425762e+03 5.715992e+02 1.578356e+03
-4.644423e-03 1.321756e+03 5.299022e+02 1.463218e+03
-4.471339e-03 1.295876e+03 5.195271e+02 1.434569e+03
-3.915221e-03 1.333351e+03 5.345509e+02 1.476054e+03
-3.034837e-03 1.364015e+03 5.468443e+02 1.510000e+03
-2.176299e-03 1.321176e+03 5.296698e+02 1.462576e+03
-1.629169e-03 1.359481e+03 5.450266e+02 1.504981e+03
-1.320893e-03 1.450161e+03 5.813808e+02 1.605366e+03
-1.161481e-03 1.514012e+03 6.069793e+02 1.676051e+03
-1.093283e-03 1.502934e+03 6.025380e+02 1.663787e+03
-1.104049e-03 1.450305e+03 5.814386e+02 1.605525e+03
-1.210277e-03 1.487112e+03 5.961950e+02 1.646272e+03
-1.398469e-03 1.441556e+03 5.779311e+02 1.595840e+03
-1.618525e-03 1.430561e+03 5.735232e+02 1.583669e+03
-1.818510e-03 1.511874e+03 6.061224e+02 1.673684e+03
-1.918017e-03 1.460150e+03 5.853857e+02 1.616424e+03
-1.963761e-03 1.455028e+03 5.833320e+02 1.610753e+03
-1.927173e-03 1.501769e+03 6.020710e+02 1.662498e+03
-1.784500e-03 1.573151e+03 6.306886e+02 1.741519e+03
-1.635553e-03 1.622495e+03 6.504710e+02 1.796144e+03
-1.519565e-03 1.577907e+03 6.325954e+02 1.746784e+03
-1.518248e-03 1.605697e+03 6.437365e+02 1.777548e+03
-1.597698e-03 1.560544e+03 6.256344e+02 1.727563e+03
-1.669695e-03 1.593402e+03 6.388073e+02 1.763937e+03
-1.715957e-03 1.625248e+03 6.515748e+02 1.799192e+03
-1.729158e-03 1.593212e+03 6.387312e+02 1.763727e+03
-1.700802e-03 1.599880e+03 6.414045e+02 1.771109e+03
-1.622948e-03 1.594202e+03 6.391280e+02 1.764823e+03
-1.509896e-03 1.578644e+03 6.328909e+02 1.747600e+03
-1.438119e-03 1.512250e+03 6.062729e+02 1.674100e+03
-1.443650e-03 1.581461e+03 6.340200e+02 1.750718e+03
-1.463051e-03 1.545137e+03 6.194577e+02 1.710507e+03
-1.405057e-03 1.548018e+03 6.206127e+02 1.713697e+03
-1.294345e-03 1.495864e+03 5.997036e+02 1.655960e+03
-1.191996e-03 1.494714e+03 5.992427e+02 1.654688e+03
-1.098534e-03 1.508823e+03 6.048991e+02 1.670307e+03
-1.044239e-03 1.444151e+03 5.789716e+02 1.598713e+03
-1.001745e-03 1.437981e+03 5.764979e+02 1.591882e+03
-9.620236e-04 1.454579e+03 5.831523e+02 1.610257e+03
-9.493265e-04 1.524168e+03 6.110510e+02 1.687294e+03
-9.438208e-04 1.507294e+03 6.042859e+02 1.668614e+03
-9.436382e-04 1.538802e+03 6.169179e+02 1.703494e+03
-9.338114e-04 1.483382e+03 5.946995e+02 1.642142e+03
-9.139251e-04 1.475690e+03 5.916158e+02 1.633628e+03
-8.954815e-04 1.507998e+03 6.045682e+02 1.669393e+03
-8.637103e-04 1.550373e+03 6.215567e+02 1.716303e+03
-8.122286e-04 1.517864e+03 6.085236e+02 1.680315e+03
-7.700492e-04 1.416873e+03 5.680355e+02 1.568515e+03
-7.408803e-04 1.467048e+03 5.881511e+02 1.624060e+03
-7.079122e-04 1.603231e+03 6.427479e+02 1.774819e+03
-6.849151e-04 1.578513e+03 6.328385e+02 1.747456e+03
-6.633294e-04 1.569733e+03 6.293185e+02 1.737736e+03
-6.485036e-04 1.595177e+03 6.395190e+02 1.765902e+03
-6.395505e-04 1.692018e+03 6.783432e+02 1.873108e+03
-6.334576e-04 1.667351e+03 6.684540e+02 1.845801e+03
-6.511183e-04 1.728214e+03 6.928545e+02 1.913178e+03
-6.861425e-04 1.726604e+03 6.922089e+02 1.911395e+03
-7.463626e-04 1.722537e+03 6.905785e+02 1.906893e+03
-8.250201e-04 1.609964e+03 6.454470e+02 1.782272e+03
-9.056099e-04 1.568751e+03 6.289246e+02 1.736648e+03
-9.904764e-04 1.621859e+03 6.502160e+02 1.795440e+03
-1.063242e-03 1.663011e+03 6.667141e+02 1.840996e+03
-1.121237e-03 1.603696e+03 6.429344e+02 1.775334e+03
-1.183707e-03 1.589636e+03 6.372974e+02 1.759768e+03
-1.306061e-03 1.585227e+03 6.355299e+02 1.754887e+03
-1.520725e-03 1.545703e+03 6.196846e+02 1.711134e+03
-1.763205e-03 1.588220e+03 6.367298e+02 1.758201e+03
-1.912058e-03 1.491426e+03 5.979244e+02 1.651047e+03
-2.088723e-03 1.399679e+03 5.611422e+02 1.549481e+03
-2.317230e-03 1.428550e+03 5.727169e+02 1.581442e+03
-2.516926e-03 1.491587e+03 5.979890e+02 1.651226e+03
-2.675285e-03 1.448740e+03 5.808113e+02 1.603793e+03
-2.619088e-03 1.483522e+03 5.947556e+02 1.642298e+03
-2.380645e-03 1.475359e+03 5.914832e+02 1.633261e+03
-1.966515e-03 1.450004e+03 5.813179e+02 1.605192e+03
-1.559819e-03 1.432055e+03 5.741221e+02 1.585322e+03
-1.294961e-03 1.424787e+03 5.712081e+02 1.577276e+03
-1.083655e-03 1.514901e+03 6.073357e+02 1.677035e+03
-9.408647e-04 1.510156e+03 6.054334e+02 1.671782e+03
-8.866520e-04 1.463230e+03 5.866202e+02 1.619833e+03
-8.595537e-04 1.539222e+03 6.170861e+02 1.703958e+03
-8.206267e-04 1.444135e+03 5.789651e+02 1.598695e+03
-7.940607e-04 1.500398e+03 6.015215e+02 1.660980e+03
-7.925534e-04 1.535603e+03 6.156353e+02 1.699953e+03
-8.131877e-04 1.535408e+03 6.155572e+02 1.699737e+03
-8.501437e-04 1.476245e+03 5.918383e+02 1.634242e+03
-8.828872e-04 1.510413e+03 6.055364e+02 1.672067e+03
-9.079148e-04 1.465813e+03 5.876558e+02 1.622693e+03
-9.320060e-04 1.432021e+03 5.741084e+02 1.585284e+03
-9.677471e-04 1.507439e+03 6.043443e+02 1.668775e+03
-1.014248e-03 1.505973e+03 6.037563e+02 1.667151e+03
-1.065473e-03 1.457311e+03 5.842475e+02 1.613281e+03
-1.083226e-03 1.485071e+03 5.953766e+02 1.644012e+03
-1.047919e-03 1.584701e+03 6.353189e+02 1.754305e+03
-1.036234e-03 1.514084e+03 6.070083e+02 1.676131e+03
-1.040905e-03 1.501768e+03 6.020707e+02 1.662496e+03
-1.038018e-03 1.517427e+03 6.083485e+02 1.679832e+03
-1.014892e-03 1.501535e+03 6.019772e+02 1.662238e+03
-9.633145e-04 1.569738e+03 6.293202e+02 1.737741e+03
-8.999973e-04 1.586497e+03 6.360390e+02 1.756293e+03
-8.259988e-04 1.573687e+03 6.309036e+02 1.742113e+03
-7.694291e-04 1.419866e+03 5.692354e+02 1.571829e+03
-7.639341e-04 1.370058e+03 5.492672e+02 1.516690e+03
-8.154796e-04 1.381066e+03 5.536802e+02 1.528876e+03
-8.677447e-04 1.433633e+03 5.747548e+02 1.587069e+03
-8.903923e-04 1.402153e+03 5.621341e+02 1.552220e+03
-8.855303e-04 1.480231e+03 5.934360e+02 1.638654e+03
-8.351938e-04 1.440187e+03 5.773824e+02 1.594325e+03
-7.744370e-04 1.397773e+03 5.603783e+02 1.547371e+03
-7.255241e-04 1.410456e+03 5.654627e+02 1.561411e+03
-6.954987e-04 1.403017e+03 5.624804e+02 1.553176e+03
-6.790754e-04 1.454902e+03 5.832818e+02 1.610615e+03
-6.307943e-04 1.454028e+03 5.829314e+02 1.609647e+03
-6.044172e-04 1.396142e+03 5.597243e+02 1.545566e+03
-6.191612e-04 1.466218e+03 5.878183e+02 1.623141e+03
-6.328316e-04 1.475153e+03 5.914005e+02 1.633033e+03
-6.522560e-04 1.550584e+03 6.216412e+02 1.716537e+03
-6.952000e-04 1.589559e+03 6.372666e+02 1.759683e+03
-7.068947e-04 1.566711e+03 6.281069e+02 1.734390e+03
-6.331329e-04 1.496806e+03 6.000813e+02 1.657003e+03
-5.317376e-04 1.551106e+03 6.218505e+02 1.717115e+03
-4.590985e-04 1.494445e+03 5.991347e+02 1.654389e+03
-3.989142e-04 1.605100e+03 6.434970e+02 1.776887e+03
-3.306469e-04 1.578244e+03 6.327303e+02 1.747157e+03
-2.603010e-04 1.502120e+03 6.022116e+02 1.662886e+03
-2.080495e-04 1.475372e+03 5.914881e+02 1.633275e+03
-1.787736e-04 1.429588e+03 5.731329e+02 1.582591e+03
-1.665630e-04 1.400926e+03 5.616423e+02 1.550862e+03
-1.628087e-04 1.389242e+03 5.569581e+02 1.537927e+03
-1.580245e-04 1.384696e+03 5.551355e+02 1.532894e+03
-1.588389e-04 1.349088e+03 5.408601e+02 1.493476e+03
-1.661474e-04 1.354417e+03 5.429965e+02 1.499375e+03
-1.741391e-04 1.361673e+03 5.459054e+02 1.507407e+03
-1.885593e-04 1.364948e+03 5.472184e+02 1.511033e+03
-2.086928e-04 1.361991e+03 5.460330e+02 1.507760e+03
-2.310380e-04 1.370832e+03 5.495773e+02 1.517547e+03
-2.644137e-04 1.398290e+03 5.605855e+02 1.547944e+03
-3.172831e-04 1.322992e+03 5.303979e+02 1.464587e+03
-3.804953e-04 1.343902e+03 5.387810e+02 1.487735e+03
-4.551510e-04 1.382520e+03 5.542630e+02 1.530485e+03
-5.717693e-04 1.421231e+03 5.697825e+02 1.573339e+03
-7.285120e-04 1.390150e+03 5.573220e+02 1.538932e+03
-9.069571e-04 1.393166e+03 5.585313e+02 1.542271e+03
-1.072072e-03 1.454497e+03 5.831192e+02 1.610166e+03
-1.179140e-03 1.437568e+03 5.763324e+02 1.591426e+03
-1.260423e-03 1.490597e+03 5.975919e+02 1.650129e+03
-1.353604e-03 1.492369e+03 5.983025e+02 1.652092e+03
-1.454151e-03 1.418349e+03 5.686271e+02 1.570149e+03
-1.594264e-03 1.489790e+03 5.972684e+02 1.649236e+03
-1.680493e-03 1.538380e+03 6.167487e+02 1.703027e+03
-1.548161e-03 1.610409e+03 6.456254e+02 1.782764e+03
-1.311565e-03 1.711250e+03 6.860536e+02 1.894398e+03
-1.105299e-03 1.702903e+03 6.827073e+02 1.885158e+03
-9.940468e-04 1.700886e+03 6.818986e+02 1.882925e+03
-9.063614e-04 1.655861e+03 6.638475e+02 1.833081e+03
-8.014792e-04 1.618344e+03 6.488068e+02 1.791549e+03
-6.962169e-04 1.500869e+03 6.017102e+02 1.661501e+03
-5.996869e-04 1.582245e+03 6.343344e+02 1.751586e+03
-5.671427e-04 1.611352e+03 6.460035e+02 1.783808e+03
-5.582469e-04 1.540943e+03 6.177760e+02 1.705864e+03
-5.148420e-04 1.540019e+03 6.174055e+02 1.704841e+03
-5.147950e-04 1.579246e+03 6.331322e+02 1.748267e+03
-5.753824e-04 1.530235e+03 6.134832e+02 1.694010e+03
-6.549565e-04 1.543629e+03 6.188529e+02 1.708837e+03
-7.348995e-04 1.649877e+03 6.614487e+02 1.826457e+03
-8.153899e-04 1.597370e+03 6.403982e+02 1.768330e+03
-9.147037e-04 1.669305e+03 6.692377e+02 1.847965e+03
-9.644343e-04 1.621210e+03 6.499559e+02 1.794722e+03
-9.223125e-04 1.566852e+03 6.281633e+02 1.734546e+03
-8.069630e-04 1.587636e+03 6.364956e+02 1.757554e+03
-7.235261e-04 1.623909e+03 6.510380e+02 1.797710e+03
-7.196388e-04 1.539470e+03 6.171856e+02 1.704233e+03
-7.381378e-04 1.604106e+03 6.430986e+02 1.775787e+03
-7.435575e-04 1.566986e+03 6.282169e+02 1.734694e+03
-7.713202e-04 1.611090e+03 6.458985e+02 1.783518e+03
-8.250230e-04 1.540464e+03 6.175843e+02 1.705334e+03
-8.584442e-04 1.562749e+03 6.265184e+02 1.730004e+03
-9.382230e-04 1.531456e+03 6.139729e+02 1.695362e+03
-1.137486e-03 1.531218e+03 6.138771e+02 1.695098e+03
-1.472285e-03 1.544624e+03 6.192519e+02 1.709939e+03
-1.990923e-03 1.556459e+03 6.239966e+02 1.723040e+03
-2.904313e-03 1.572686e+03 6.305022e+02 1.741004e+03
-4.207026e-03 1.603431e+03 6.428279e+02 1.775039e+03
-5.906558e-03 1.598897e+03 6.410104e+02 1.770021e+03
-8.905316e-03 1.524467e+03 6.111708e+02 1.687625e+03
-1.196074e-02 1.543172e+03 6.186696e+02 1.708331e+03
-1.312775e-02 1.600575e+03 6.416830e+02 1.771878e+03
-1.287015e-02 1.542829e+03 6.185323e+02 1.707952e+03
-1.156508e-02 1.511057e+03 6.057948e+02 1.672780e+03
-9.856506e-03 1.498071e+03 6.005886e+02 1.658404e+03
-7.706739e-03 1.441938e+03 5.780841e+02 1.596263e+03
-6.177529e-03 1.574458e+03 6.312128e+02 1.742967e+03
-4.925577e-03 1.561422e+03 6.259863e+02 1.728535e+03
-3.838882e-03 1.582894e+03 6.345945e+02 1.752304e+03
-3.031899e-03 1.537006e+03 6.161977e+02 1.701505e+03
-2.198872e-03 1.470812e+03 5.896602e+02 1.628227e+03
-1.521613e-03 1.514182e+03 6.070474e+02 1.676239e+03
-1.080185e-03 1.549003e+03 6.210074e+02 1.714786e+03
-7.902159e-04 1.575110e+03 6.314738e+02 1.743687e+03
-6.102258e-04 1.537246e+03 6.162939e+02 1.701771e+03
-4.976005e-04 1.581837e+03 6.341707e+02 1.751134e+03
-4.423878e-04 1.569188e+03 6.290999e+02 1.737132e+03
-4.070282e-04 1.477732e+03 5.924345e+02 1.635888e+03
-3.565593e-04 1.528450e+03 6.127678e+02 1.692035e+03
-2.948866e-04 1.497029e+03 6.001709e+02 1.657251e+03
-2.398693e-04 1.485676e+03 5.956191e+02 1.644682e+03
-2.077001e-04 1.428822e+03 5.728260e+02 1.581743e+03
-1.896287e-04 1.461236e+03 5.858212e+02 1.617627e+03
-1.793357e-04 1.418325e+03 5.686176e+02 1.570123e+03
-1.742545e-04 1.476615e+03 5.919867e+02 1.634652e+03
-1.739749e-04 1.485311e+03 5.954730e+02 1.644278e+03
-1.817222e-04 1.498681e+03 6.008329e+02 1.659079e+03
-1.946934e-04 1.370204e+03 5.493255e+02 1.516851e+03
-2.053979e-04 1.414837e+03 5.672194e+02 1.566262e+03
-2.053501e-04 1.368611e+03 5.486870e+02 1.515088e+03
-2.029984e-04 1.332014e+03 5.340148e+02 1.474574e+03
-2.087319e-04 1.298116e+03 5.204250e+02 1.437048e+03
-2.124118e-04 1.302288e+03 5.220976e+02 1.441667e+03
-2.101218e-04 1.378840e+03 5.527878e+02 1.526412e+03
-2.068622e-04 1.428487e+03 5.726915e+02 1.581372e+03
-2.029204e-04 1.483433e+03 5.947200e+02 1.642199e+03
-1.985059e-04 1.480843e+03 5.936815e+02 1.639332e+03
-1.955720e-04 1.476891e+03 5.920973e+02 1.634957e+03
-1.977438e-04 1.451755e+03 5.820199e+02 1.607130e+03
-2.044184e-04 1.481382e+03 5.938975e+02 1.639928e+03
-2.112784e-04 1.484413e+03 5.951127e+02 1.643284e+03
-2.101201e-04 1.472380e+03 5.902885e+02 1.629962e+03
-2.047311e-04 1.475669e+03 5.916072e+02 1.633604e+03
-2.013875e-04 1.519335e+03 6.091135e+02 1.681944e+03
-1.997299e-04 1.475258e+03 5.914425e+02 1.633149e+03
-2.082916e-04 1.464297e+03 5.870482e+02 1.621015e+03
-2.244690e-04 1.448421e+03 5.806834e+02 1.603440e+03
-2.323547e-04 1.378778e+03 5.527630e+02 1.526343e+03
-2.306903e-04 1.360362e+03 5.453799e+02 1.505956e+03
-2.211152e-04 1.378116e+03 5.524977e+02 1.525611e+03
-2.120353e-04 1.337878e+03 5.363657e+02 1.481065e+03
-2.007471e-04 1.350615e+03 5.414722e+02 1.495166e+03
-1.886600e-04 1.392442e+03 5.582410e+02 1.541470e+03
-1.791181e-04 1.401004e+03 5.616736e+02 1.550948e+03
-1.716491e-04 1.427162e+03 5.721603e+02 1.579905e+03
-1.688698e-04 1.428506e+03 5.726993e+02 1.581393e+03
-1.650809e-04 1.421609e+03 5.699342e+02 1.573758e+03
-1.624131e-04 1.442855e+03 5.784520e+02 1.597278e+03
-1.659815e-04 1.372550e+03 5.502659e+02 1.519448e+03
-1.763780e-04 1.335785e+03 5.355267e+02 1.478749e+03
-1.810680e-04 1.252357e+03 5.020799e+02 1.386392e+03
-1.759442e-04 1.296874e+03 5.199269e+02 1.435673e+03
-1.670467e-04 1.238398e+03 4.964837e+02 1.370939e+03
-1.592454e-04 1.289188e+03 5.168455e+02 1.427165e+03
-1.591815e-04 1.265947e+03 5.075281e+02 1.401436e+03
-1.622761e-04 1.304361e+03 5.229287e+02 1.443962e+03
-1.657968e-04 1.358124e+03 5.444826e+02 1.503479e+03
-1.681951e-04 1.436725e+03 5.759945e+02 1.590492e+03
-1.661533e-04 1.473356e+03 5.906799e+02 1.631043e+03
-1.653058e-04 1.400813e+03 5.615970e+02 1.550737e+03
-1.710294e-04 1.424804e+03 5.712152e+02 1.577295e+03
-1.785317e-04 1.439682e+03 5.771797e+02 1.593765e+03
-1.803781e-04 1.403883e+03 5.628276e+02 1.554135e+03
-1.783634e-04 1.440315e+03 5.774336e+02 1.594466e+03
-1.799634e-04 1.495970e+03 5.997460e+02 1.656077e+03
-1.888038e-04 1.532055e+03 6.142130e+02 1.696025e+03
-1.929915e-04 1.418847e+03 5.688271e+02 1.570701e+03
-1.929662e-04 1.424281e+03 5.710055e+02 1.576716e+03
-1.987057e-04 1.505442e+03 6.035433e+02 1.666563e+03
-2.179924e-04 1.559012e+03 6.250200e+02 1.725866e+03
-2.472367e-04 1.545690e+03 6.196792e+02 1.711119e+03
-2.835529e-04 1.591363e+03 6.379897e+02 1.761680e+03
-3.282386e-04 1.644159e+03 6.591562e+02 1.820127e+03
-3.717894e-04 1.626244e+03 6.519740e+02 1.800295e+03
-4.205203e-04 1.652024e+03 6.623095e+02 1.828834e+03
-4.719812e-04 1.584336e+03 6.351727e+02 1.753901e+03
-4.991344e-04 1.620129e+03 6.495225e+02 1.793525e+03
-4.864931e-04 1.635147e+03 6.555431e+02 1.810150e+03
-4.415120e-04 1.623460e+03 6.508577e+02 1.797212e+03
-4.201131e-04 1.594867e+03 6.393947e+02 1.765559e+03
-4.373658e-04 1.596894e+03 6.402072e+02 1.767803e+03
-4.682172e-04 1.560562e+03 6.256415e+02 1.727583e+03
-5.166781e-04 1.614517e+03 6.472726e+02 1.787313e+03
-5.942638e-04 1.587943e+03 6.366188e+02 1.757894e+03
-6.838351e-04 1.556336e+03 6.239474e+02 1.722905e+03
-7.574344e-04 1.514948e+03 6.073547e+02 1.677087e+03
-8.144546e-04 1.545110e+03 6.194467e+02 1.710477e+03
-8.200532e-04 1.542189e+03 6.182755e+02 1.707243e+03
-7.635577e-04 1.480312e+03 5.934688e+02 1.638744e+03
-7.202202e-04 1.451653e+03 5.819791e+02 1.607018e+03
-6.884075e-04 1.527271e+03 6.122950e+02 1.690729e+03
-6.262885e-04 1.532719e+03 6.144791e+02 1.696760e+03
-5.471790e-04 1.519884e+03 6.093334e+02 1.682551e+03
-4.799782e-04 1.429741e+03 5.731942e+02 1.582760e+03
-4.427359e-04 1.369941e+03 5.492202e+02 1.516561e+03
-4.241706e-04 1.454694e+03 5.831981e+02 1.610384e+03
-3.776446e-04 1.462958e+03 5.865112e+02 1.619532e+03
-3.089267e-04 1.376712e+03 5.519347e+02 1.524056e+03
-2.454510e-04 1.463584e+03 5.867623e+02 1.620225e+03
-1.966698e-04 1.430039e+03 5.733138e+02 1.583090e+03
-1.684996e-04 1.464461e+03 5.871139e+02 1.621196e+03
-1.497923e-04 1.483066e+03 5.945728e+02 1.641793e+03
-1.303513e-04 1.421580e+03 5.699226e+02 1.573726e+03
-1.114327e-04 1.471756e+03 5.900385e+02 1.629272e+03
-9.459376e-05 1.531127e+03 6.138407e+02 1.694997e+03
-8.213915e-05 1.547818e+03 6.205324e+02 1.713475e+03
-7.507376e-05 1.543250e+03 6.187012e+02 1.708418e+03
-7.107920e-05 1.484611e+03 5.951921e+02 1.643503e+03
-6.882295e-05 1.415531e+03 5.674976e+02 1.567030e+03
-6.896879e-05 1.360731e+03 5.455278e+02 1.506365e+03
-7.095840e-05 1.321597e+03 5.298387e+02 1.463042e+03
-7.374510e-05 1.265455e+03 5.073308e+02 1.400891e+03
-7.705162e-05 1.343858e+03 5.387634e+02 1.487686e+03
-8.137784e-05 1.385731e+03 5.555503e+02 1.534040e+03
-8.662508e-05 1.489659e+03 5.972159e+02 1.649091e+03
-9.268450e-05 1.461305e+03 5.858488e+02 1.617703e+03
-9.956281e-05 1.479665e+03 5.932092e+02 1.638027e+03
-1.063374e-04 1.571361e+03 6.299708e+02 1.739537e+03
-1.110405e-04 1.575633e+03 6.316837e+02 1.744267e+03
-1.094787e-04 1.573336e+03 6.307626e+02 1.741723e+03
-1.066773e-04 1.411173e+03 5.657502e+02 1.562205e+03
-1.019462e-04 1.478504e+03 5.927437e+02 1.636742e+03
-9.378682e-05 1.535166e+03 6.154600e+02 1.699468e+03
-8.750913e-05 1.518106e+03 6.086207e+02 1.680583e+03
-8.309340e-05 1.494038e+03 5.989714e+02 1.653938e+03
-8.038670e-05 1.506558e+03 6.039910e+02 1.667799e+03
-8.030233e-05 1.443952e+03 5.788917e+02 1.598492e+03
-8.063898e-05 1.460773e+03 5.856354e+02 1.617114e+03
-8.112112e-05 1.437595e+03 5.763431e+02 1.591455e+03
-8.181973e-05 1.452445e+03 5.822967e+02 1.607895e+03
-8.062011e-05 1.459272e+03 5.850336e+02 1.615452e+03
-7.848931e-05 1.413675e+03 5.667533e+02 1.564975e+03
-7.719953e-05 1.476564e+03 5.919660e+02 1.634595e+03
-7.598706e-05 1.401022e+03 5.616809e+02 1.550968e+03
-7.392338e-05 1.404045e+03 5.628927e+02 1.554314e+03
-7.254986e-05 1.359688e+03 5.451095e+02 1.505210e+03
-7.349334e-05 1.364669e+03 5.471065e+02 1.510724e+03
-7.701847e-05 1.323100e+03 5.304410e+02 1.464706e+03
-8.082526e-05 1.325413e+03 5.313684e+02 1.467266e+03
-8.230682e-05 1.476097e+03 5.917791e+02 1.634078e+03
-8.222623e-05 1.500384e+03 6.015158e+02 1.660964e+03
-8.008796e-05 1.567536e+03 6.284374e+02 1.735303e+03
-7.558173e-05 1.546115e+03 6.198497e+02 1.711590e+03
-7.087164e-05 1.566988e+03 6.282176e+02 1.734696e+03
-6.729516e-05 1.608498e+03 6.448594e+02 1.780649e+03
-6.456935e-05 1.522010e+03 6.101857e+02 1.684904e+03
-6.250616e-05 1.519902e+03 6.093406e+02 1.682571e+03
-6.046618e-05 1.631916e+03 6.542478e+02 1.806573e+03
-5.935883e-05 1.591705e+03 6.381270e+02 1.762059e+03
-6.045198e-05 1.572888e+03 6.305831e+02 1.741228e+03
-6.324259e-05 1.479884e+03 5.932971e+02 1.638270e+03
-6.665813e-05 1.426771e+03 5.720037e+02 1.579473e+03
-7.087180e-05 1.447775e+03 5.804243e+02 1.602724e+03
-7.618260e-05 1.412567e+03 5.663094e+02 1.563749e+03
-8.325289e-05 1.448782e+03 5.808282e+02 1.603840e+03
-9.274924e-05 1.445816e+03 5.796391e+02 1.600556e+03
-1.042257e-04 1.407550e+03 5.642980e+02 1.558195e+03
-1.176605e-04 1.455598e+03 5.835605e+02 1.611385e+03
-1.343481e-04 1.458483e+03 5.847174e+02 1.614579e+03
-1.545190e-04 1.514461e+03 6.071592e+02 1.676547e+03
-1.814527e-04 1.495045e+03 5.993751e+02 1.655053e+03
-2.180573e-04 1.525369e+03 6.115323e+02 1.688623e+03
-2.618762e-04 1.447870e+03 5.804624e+02 1.602830e+03
-3.145270e-04 1.431733e+03 5.739932e+02 1.584966e+03
-3.689559e-04 1.471072e+03 5.897642e+02 1.628515e+03
-3.999323e-04 1.543850e+03 6.189417e+02 1.709082e+03
-4.150150e-04 1.515688e+03 6.076510e+02 1.677906e+03
-4.252096e-04 1.569990e+03 6.294214e+02 1.738020e+03
-4.209417e-04 1.500197e+03 6.014408e+02 1.660757e+03
-4.026796e-04 1.526951e+03 6.121668e+02 1.690375e+03
-3.692332e-04 1.577025e+03 6.322416e+02 1.745807e+03
-3.212323e-04 1.590380e+03 6.375960e+02 1.760592e+03
-2.733048e-04 1.600853e+03 6.417947e+02 1.772186e+03
-2.520104e-04 1.562485e+03 6.264126e+02 1.729712e+03
-2.466801e-04 1.514725e+03 6.072653e+02 1.676840e+03
-2.344996e-04 1.514022e+03 6.069835e+02 1.676062e+03
-2.208348e-04 1.511783e+03 6.060855e+02 1.673583e+03
-2.147015e-04 1.524840e+03 6.113204e+02 1.688038e+03
-2.139847e-04 1.503576e+03 6.027954e+02 1.664498e+03
-2.153150e-04 1.450881e+03 5.816695e+02 1.606163e+03
-2.207208e-04 1.576511e+03 6.320358e+02 1.745239e+03
-2.250264e-04 1.563609e+03 6.268630e+02 1.730955e+03
-2.341004e-04 1.549114e+03 6.210521e+02 1.714910e+03
-2.493813e-04 1.490995e+03 5.977516e+02 1.650570e+03
-2.651851e-04 1.503217e+03 6.026516e+02 1.664101e+03
-2.801599e-04 1.562794e+03 6.265363e+02 1.730053e+03
-3.002713e-04 1.478667e+03 5.928092e+02 1.636923e+03
-3.286891e-04 1.447946e+03 5.804931e+02 1.602914e+03
-3.698679e-04 1.458944e+03 5.849021e+02 1.615089e+03
-4.127753e-04 1.471438e+03 5.899110e+02 1.628920e+03
-4.294566e-04 1.429191e+03 5.729740e+02 1.582152e+03
-4.257595e-04 1.458134e+03 5.845774e+02 1.614192e+03
-4.206766e-04 1.443289e+03 5.786258e+02 1.597758e+03
-4.205591e-04 1.446446e+03 5.798917e+02 1.601254e+03
-4.230956e-04 1.485563e+03 5.955740e+02 1.644557e+03
-4.087115e-04 1.514060e+03 6.069986e+02 1.676104e+03
-3.891632e-04 1.506341e+03 6.039041e+02 1.667559e+03
-3.760557e-04 1.483414e+03 5.947122e+02 1.642178e+03
-3.578945e-04 1.457806e+03 5.844457e+02 1.613829e+03
-3.424236e-04 1.471518e+03 5.899432e+02 1.629009e+03
-3.182762e-04 1.451048e+03 5.817365e+02 1.606348e+03
-2.965513e-04 1.443995e+03 5.789089e+02 1.598540e+03
-2.893825e-04 1.427932e+03 5.724691e+02 1.580758e+03
-3.031171e-04 1.413632e+03 5.667360e+02 1.564927e+03
-3.568570e-04 1.454692e+03 5.831973e+02 1.610381e+03
-4.540063e-04 1.493708e+03 5.988393e+02 1.653574e+03
-5.776557e-04 1.534431e+03 6.151656e+02 1.698656e+03
-7.470431e-04 1.588941e+03 6.370188e+02 1.758999e+03
-9.574109e-04 1.673334e+03 6.708528e+02 1.852425e+03
-1.227490e-03 1.613058e+03 6.466878e+02 1.785698e+03
-1.739901e-03 1.675586e+03 6.717558e+02 1.854918e+03
-2.575335e-03 1.688600e+03 6.769728e+02 1.869324e+03
-3.674851e-03 1.611322e+03 6.459918e+02 1.783776e+03
-4.669774e-03 1.523169e+03 6.106506e+02 1.686188e+03
-6.011685e-03 1.492724e+03 5.984449e+02 1.652485e+03
-8.731790e-03 1.529255e+03 6.130904e+02 1.692925e+03
-1.408487e-02 1.581322e+03 6.339645e+02 1.750565e+03
-2.427211e-02 1.546651e+03 6.200644e+02 1.712183e+03
-3.613222e-02 1.539312e+03 6.171224e+02 1.704059e+03
-4.441011e-02 1.516234e+03 6.078701e+02 1.678511e+03
-4.780673e-02 1.440273e+03 5.774168e+02 1.594420e+03
-3.893633e-02 1.381010e+03 5.536576e+02 1.528814e+03
-2.563515e-02 1.315019e+03 5.272014e+02 1.455760e+03
-1.573196e-02 1.286327e+03 5.156985e+02 1.423997e+03
-9.725587e-03 1.295771e+03 5.194846e+02 1.434452e+03
-6.037178e-03 1.278621e+03 5.126094e+02 1.415467e+03
-4.257124e-03 1.364734e+03 5.471326e+02 1.510796e+03
-3.641703e-03 1.443268e+03 5.786176e+02 1.597736e+03
-3.552279e-03 1.487356e+03 5.962927e+02 1.646542e+03
-3.734871e-03 1.444565e+03 5.791375e+02 1.599171e+03
-4.098553e-03 1.370296e+03 5.493626e+02 1.516954e+03
-4.334976e-03 1.381009e+03 5.536574e+02 1.528813e+03
-4.175428e-03 1.480860e+03 5.936882e+02 1.639350e+03
-3.901143e-03 1.457909e+03 5.844870e+02 1.613943e+03
-3.793673e-03 1.491238e+03 5.978491e+02 1.650840e+03
-3.714567e-03 1.640665e+03 6.577557e+02 1.816259e+03
-3.520333e-03 1.622851e+03 6.506138e+02 1.796539e+03
-3.766986e-03 1.655093e+03 6.635396e+02 1.832231e+03
-4.070647e-03 1.679544e+03 6.733423e+02 1.859299e+03
-4.255933e-03 1.787178e+03 7.164937e+02 1.978453e+03
-4.957751e-03 1.822675e+03 7.307249e+02 2.017749e+03
-6.564273e-03 1.760431e+03 7.057706e+02 1.948843e+03
-9.796011e-03 1.741050e+03 6.980005e+02 1.927387e+03
-1.540210e-02 1.728429e+03 6.929406e+02 1.913415e+03
-2.028876e-02 1.623024e+03 6.506832e+02 1.796730e+03
-2.032913e-02 1.527573e+03 6.124160e+02 1.691063e+03
-1.889993e-02 1.478020e+03 5.925497e+02 1.636206e+03
-1.678774e-02 1.525214e+03 6.114703e+02 1.688452e+03
-1.359082e-02 1.501545e+03 6.019814e+02 1.662250e+03
-1.034072e-02 1.465628e+03 5.875819e+02 1.622489e+03
-8.133377e-03 1.423755e+03 5.707946e+02 1.576134e+03
-6.936574e-03 1.465583e+03 5.875637e+02 1.622439e+03
-6.077469e-03 1.409225e+03 5.649694e+02 1.560049e+03
-4.984083e-03 1.415202e+03 5.673654e+02 1.566665e+03
-3.976555e-03 1.586339e+03 6.359758e+02 1.756119e+03
-3.412942e-03 1.560715e+03 6.257030e+02 1.727752e+03
-3.126695e-03 1.470255e+03 5.894369e+02 1.627611e+03
-2.837019e-03 1.485014e+03 5.953536e+02 1.643949e+03
-2.518675e-03 1.559109e+03 6.250589e+02 1.725974e+03
-2.352342e-03 1.553493e+03 6.228073e+02 1.719757e+03
-2.263177e-03 1.524293e+03 6.111009e+02 1.687432e+03
-2.040612e-03 1.484816e+03 5.952744e+02 1.643730e+03
-1.743702e-03 1.505665e+03 6.036329e+02 1.666810e+03
-1.429886e-03 1.456358e+03 5.838653e+02 1.612226e+03
-1.244331e-03 1.501028e+03 6.017739e+02 1.661677e+03
-1.103301e-03 1.522271e+03 6.102904e+02 1.685194e+03
-9.381875e-04 1.549490e+03 6.212028e+02 1.715326e+03
-8.221237e-04 1.579059e+03 6.330572e+02 1.748060e+03
-7.337408e-04 1.625813e+03 6.518013e+02 1.799818e+03
-6.661724e-04 1.562280e+03 6.263302e+02 1.729484e+03
-6.339180e-04 1.537700e+03 6.164758e+02 1.702274e+03
-6.444201e-04 1.522935e+03 6.105567e+02 1.685929e+03
-7.123664e-04 1.514783e+03 6.072883e+02 1.676904e+03
-8.149427e-04 1.673801e+03 6.710400e+02 1.852941e+03
-8.511669e-04 1.568126e+03 6.286740e+02 1.735956e+03
-8.661541e-04 1.628402e+03 6.528391e+02 1.802683e+03
-9.389836e-04 1.541236e+03 6.178935e+02 1.706188e+03
-1.009738e-03 1.454782e+03 5.832333e+02 1.610481e+03
-1.050496e-03 1.461434e+03 5.859002e+02 1.617845e+03
-1.053907e-03 1.469785e+03 5.892484e+02 1.627091e+03
-1.040194e-03 1.473302e+03 5.906583e+02 1.630984e+03
-1.029138e-03 1.507744e+03 6.044666e+02 1.669112e+03
-9.292207e-04 1.538658e+03 6.168602e+02 1.703335e+03
-7.552606e-04 1.483009e+03 5.945501e+02 1.641730e+03
-5.937654e-04 1.539911e+03 6.173622e+02 1.704721e+03
-4.915521e-04 1.580829e+03 6.337670e+02 1.750019e+03
-4.665720e-04 1.505542e+03 6.035834e+02 1.666674e+03
-4.709598e-04 1.500493e+03 6.015593e+02 1.661085e+03
-4.515580e-04 1.462681e+03 5.864002e+02 1.619226e+03
-4.395389e-04 1.509346e+03 6.051088e+02 1.670886e+03
-4.530177e-04 1.455194e+03 5.833988e+02 1.610938e+03
-4.524713e-04 1.514648e+03 6.072341e+02 1.676754e+03
-4.151837e-04 1.552708e+03 6.224930e+02 1.718889e+03
-3.712123e-04 1.556715e+03 6.240993e+02 1.723324e+03
-3.288150e-04 1.545491e+03 6.195995e+02 1.710899e+03
-2.781163e-04 1.594973e+03 6.394372e+02 1.765677e+03
-2.341703e-04 1.569792e+03 6.293419e+02 1.737801e+03
-2.090932e-04 1.533928e+03 6.149637e+02 1.698098e+03
-1.934169e-04 1.509413e+03 6.051353e+02 1.670959e+03
-1.842369e-04 1.501170e+03 6.018310e+02 1.661835e+03
-1.856125e-04 1.466362e+03 5.878762e+02 1.623301e+03
-1.930986e-04 1.479048e+03 5.929619e+02 1.637344e+03
-1.992225e-04 1.506034e+03 6.037810e+02 1.667219e+03
-2.071086e-04 1.511350e+03 6.059122e+02 1.673104e+03
-2.141226e-04 1.431917e+03 5.740668e+02 1.585169e+03
-2.199509e-04 1.375488e+03 5.514441e+02 1.522701e+03
-2.294389e-04 1.448876e+03 5.808656e+02 1.603943e+03
-2.453293e-04 1.481998e+03 5.941446e+02 1.640610e+03
-2.608084e-04 1.429420e+03 5.730658e+02 1.582406e+03
-2.744957e-04 1.450313e+03 5.814419e+02 1.605534e+03
-2.856776e-04 1.457527e+03 5.843339e+02 1.613520e+03
-2.702032e-04 1.611121e+03 6.459109e+02 1.783552e+03
-2.580098e-04 1.561641e+03 6.260743e+02 1.728778e+03
-2.577136e-04 1.591442e+03 6.380214e+02 1.761767e+03
-2.384796e-04 1.546658e+03 6.200675e+02 1.712191e+03
-2.107961e-04 1.478689e+03 5.928181e+02 1.636948e+03
-1.866121e-04 1.446983e+03 5.801068e+02 1.601848e+03
-1.696426e-04 1.491271e+03 5.978623e+02 1.650876e+03
-1.683267e-04 1.566993e+03 6.282199e+02 1.734702e+03
-1.739052e-04 1.569930e+03 6.293973e+02 1.737954e+03
-1.767317e-04 1.547927e+03 6.205760e+02 1.713595e+03
-1.804753e-04 1.519399e+03 6.091389e+02 1.682014e+03
-1.873369e-04 1.505054e+03 6.033881e+02 1.666134e+03
-1.974861e-04 1.447550e+03 5.803341e+02 1.602475e+03
-2.004845e-04 1.468585e+03 5.887671e+02 1.625761e+03
-1.866596e-04 1.602412e+03 6.424197e+02 1.773912e+03
-1.679729e-04 1.716875e+03 6.883086e+02 1.900625e+03
-1.545512e-04 1.685740e+03 6.758264e+02 1.866158e+03
-1.523709e-04 1.698108e+03 6.807846e+02 1.879849e+03
-1.616713e-04 1.584204e+03 6.351197e+02 1.753755e+03
-1.680086e-04 1.650322e+03 6.616271e+02 1.826949e+03
-1.599036e-04 1.530937e+03 6.137645e+02 1.694787e+03
-1.524878e-04 1.524978e+03 6.113755e+02 1.688190e+03
-1.467978e-04 1.525908e+03 6.117486e+02 1.689220e+03
-1.375712e-04 1.584273e+03 6.351473e+02 1.753831e+03
-1.330128e-04 1.499495e+03 6.011593e+02 1.659980e+03
-1.295898e-04 1.440495e+03 5.775059e+02 1.594666e+03
-1.268845e-04 1.460381e+03 5.854782e+02 1.616680e+03
-1.199204e-04 1.456085e+03 5.837560e+02 1.611924e+03
-1.102380e-04 1.488754e+03 5.968532e+02 1.648090e+03
-1.016086e-04 1.477415e+03 5.923071e+02 1.635537e+03
-9.570403e-05 1.537841e+03 6.165324e+02 1.702430e+03
-9.347209e-05 1.560945e+03 6.257949e+02 1.728006e+03
-9.216347e-05 1.542333e+03 6.183335e+02 1.707403e+03
-9.307961e-05 1.572365e+03 6.303735e+02 1.740649e+03
-9.181721e-05 1.608703e+03 6.449417e+02 1.780876e+03
-8.719858e-05 1.527711e+03 6.124715e+02 1.691216e+03
-8.439199e-05 1.483661e+03 5.948112e+02 1.642451e+03
-8.359712e-05 1.630178e+03 6.535510e+02 1.804649e+03
-8.517952e-05 1.609306e+03 6.451833e+02 1.781543e+03
-8.942027e-05 1.576269e+03 6.319386e+02 1.744971e+03
-9.394333e-05 1.585439e+03 6.356149e+02 1.755122e+03
-1.007835e-04 1.488214e+03 5.966365e+02 1.647491e+03
-1.109430e-04 1.553301e+03 6.227305e+02 1.719544e+03
-1.230073e-04 1.450156e+03 5.813790e+02 1.605361e+03
-1.369607e-04 1.422529e+03 5.703030e+02 1.574777e+03
-1.445414e-04 1.441204e+03 5.777898e+02 1.595450e+03
-1.480298e-04 1.385511e+03 5.554622e+02 1.533797e+03
-1.529222e-04 1.406557e+03 5.638996e+02 1.557095e+03
-1.606702e-04 1.398132e+03 5.605219e+02 1.547768e+03
-1.616691e-04 1.467749e+03 5.884322e+02 1.624837e+03
-1.448079e-04 1.384079e+03 5.548880e+02 1.532211e+03
-1.301779e-04 1.371005e+03 5.496466e+02 1.517738e+03
-1.253657e-04 1.368092e+03 5.484789e+02 1.514514e+03
-1.155234e-04 1.383451e+03 5.546362e+02 1.531516e+03
-1.089197e-04 1.435168e+03 5.753700e+02 1.588768e+03
-1.115296e-04 1.509557e+03 6.051933e+02 1.671119e+03
-1.139505e-04 1.535161e+03 6.154581e+02 1.699463e+03
-1.180392e-04 1.616106e+03 6.479095e+02 1.789071e+03
-1.205563e-04 1.704771e+03 6.834561e+02 1.887226e+03
-1.209462e-04 1.689995e+03 6.775323e+02 1.870869e+03
-1.229344e-04 1.669125e+03 6.691651e+02 1.847764e+03
-1.291143e-04 1.535415e+03 6.155598e+02 1.699744e+03
-1.318555e-04 1.549915e+03 6.213731e+02 1.715796e+03
-1.315897e-04 1.561935e+03 6.261919e+02 1.729102e+03
-1.319041e-04 1.539170e+03 6.170652e+02 1.703901e+03
-1.285031e-04 1.527116e+03 6.122327e+02 1.690557e+03
-1.244417e-04 1.658267e+03 6.648122e+02 1.835745e+03
-1.197505e-04 1.646855e+03 6.602373e+02 1.823112e+03
-1.195662e-04 1.640265e+03 6.575953e+02 1.815817e+03
-1.205995e-04 1.564383e+03 6.271735e+02 1.731813e+03
-1.196917e-04 1.526683e+03 6.120593e+02 1.690078e+03
-1.169498e-04 1.591306e+03 6.379671e+02 1.761617e+03
-1.169517e-04 1.617346e+03 6.484069e+02 1.790445e+03
-1.241592e-04 1.582664e+03 6.345025e+02 1.752050e+03
-1.355580e-04 1.485416e+03 5.955149e+02 1.644394e+03
-1.518994e-04 1.591122e+03 6.378935e+02 1.761414e+03
-1.764386e-04 1.599555e+03 6.412743e+02 1.770750e+03
-2.077824e-04 1.649658e+03 6.613607e+02 1.826214e+03
-2.407788e-04 1.617847e+03 6.486078e+02 1.790999e+03
-2.836609e-04 1.713697e+03 6.870346e+02 1.897107e+03
-3.415437e-04 1.613012e+03 6.466692e+02 1.785646e+03
-3.672755e-04 1.629475e+03 6.532694e+02 1.803872e+03
-3.552163e-04 1.592025e+03 6.382553e+02 1.762413e+03
-3.485482e-04 1.620985e+03 6.498656e+02 1.794473e+03
-3.343937e-04 1.593959e+03 6.390307e+02 1.764554e+03
-3.220367e-04 1.585002e+03 6.354399e+02 1.754639e+03
-3.083737e-04 1.562286e+03 6.263327e+02 1.729491e+03
-2.622188e-04 1.624212e+03 6.511593e+02 1.798045e+03
-2.082950e-04 1.689970e+03 6.775223e+02 1.870841e+03
-1.573671e-04 1.695611e+03 6.797838e+02 1.877086e+03
-1.207254e-04 1.581899e+03 6.341959e+02 1.751204e+03
-9.970420e-05 1.519185e+03 6.090532e+02 1.681777e+03
-8.505216e-05 1.535542e+03 6.156109e+02 1.699885e+03
-7.382526e-05 1.614586e+03 6.473002e+02 1.787389e+03
-6.490470e-05 1.568421e+03 6.287921e+02 1.736282e+03
-5.878959e-05 1.545252e+03 6.195036e+02 1.710634e+03
-5.564762e-05 1.500381e+03 6.015146e+02 1.660961e+03
-5.472501e-05 1.535907e+03 6.157571e+02 1.700289e+03
-5.443718e-05 1.552170e+03 6.222772e+02 1.718293e+03
-5.484772e-05 1.551387e+03 6.219631e+02 1.717425e+03
-5.603907e-05 1.577098e+03 6.322710e+02 1.745889e+03
-5.730188e-05 1.536957e+03 6.161783e+02 1.701452e+03
-5.843949e-05 1.558110e+03 6.246586e+02 1.724869e+03
-5.848039e-05 1.575493e+03 6.316275e+02 1.744112e+03
-5.734943e-05 1.592245e+03 6.383437e+02 1.762657e+03
-5.568359e-05 1.571294e+03 6.299442e+02 1.739464e+03
-5.478871e-05 1.493413e+03 5.987210e+02 1.653247e+03
-5.421270e-05 1.490697e+03 5.976323e+02 1.650241e+03
-5.289687e-05 1.430649e+03 5.735583e+02 1.583765e+03
-5.182216e-05 1.449674e+03 5.811857e+02 1.604827e+03
-5.176720e-05 1.545348e+03 6.195421e+02 1.710740e+03
-5.235586e-05 1.453526e+03 5.827301e+02 1.609091e+03
-5.245392e-05 1.452218e+03 5.822054e+02 1.607643e+03
-5.265733e-05 1.483477e+03 5.947375e+02 1.642247e+03
-5.411176e-05 1.528575e+03 6.128175e+02 1.692172e+03
-5.537078e-05 1.544336e+03 6.191366e+02 1.709621e+03
-5.604379e-05 1.644363e+03 6.592381e+02 1.820353e+03
-5.612541e-05 1.585589e+03 6.356751e+02 1.755288e+03
-5.472270e-05 1.578473e+03 6.328220e+02 1.747410e+03
-5.233011e-05 1.611504e+03 6.460645e+02 1.783977e+03
-5.039469e-05 1.588855e+03 6.369843e+02 1.758903e+03
-4.790860e-05 1.536230e+03 6.158867e+02 1.700647e+03
-4.533316e-05 1.465643e+03 5.875876e+02 1.622505e+03
-4.342042e-05 1.494457e+03 5.991394e+02 1.654402e+03
-4.124119e-05 1.433368e+03 5.746485e+02 1.586776e+03
-3.895927e-05 1.452053e+03 5.821394e+02 1.607460e+03
-3.640767e-05 1.503069e+03 6.025922e+02 1.663937e+03
-3.401340e-05 1.561364e+03 6.259631e+02 1.728471e+03
-3.198359e-05 1.588290e+03 6.367579e+02 1.758278e+03
-2.994981e-05 1.688225e+03 6.768228e+02 1.868910e+03
-2.826446e-05 1.619822e+03 6.493992e+02 1.793185e+03
-2.722093e-05 1.663758e+03 6.670136e+02 1.841823e+03
-2.657605e-05 1.608338e+03 6.447954e+02 1.780472e+03
-2.627903e-05 1.572883e+03 6.305811e+02 1.741222e+03
-2.629669e-05 1.469782e+03 5.892473e+02 1.627087e+03
-2.640646e-05 1.457550e+03 5.843433e+02 1.613546e+03
-2.678243e-05 1.573823e+03 6.309578e+02 1.742262e+03
-2.761062e-05 1.617045e+03 6.482862e+02 1.790111e+03
-2.864852e-05 1.547876e+03 6.205557e+02 1.713539e+03
-2.979005e-05 1.555614e+03 6.236577e+02 1.722105e+03
-3.064839e-05 1.580305e+03 6.335566e+02 1.749438e+03
-3.143082e-05 1.536326e+03 6.159251e+02 1.700753e+03
-3.253508e-05 1.565307e+03 6.275440e+02 1.732836e+03
-3.392325e-05 1.560756e+03 6.257192e+02 1.727797e+03
-3.560949e-05 1.587724e+03 6.365311e+02 1.757652e+03
-3.784019e-05 1.511335e+03 6.059062e+02 1.673087e+03
-4.089062e-05 1.470201e+03 5.894153e+02 1.627551e+03
-4.479813e-05 1.470262e+03 5.894394e+02 1.627618e+03
-4.943917e-05 1.422133e+03 5.701442e+02 1.574338e+03
-5.461014e-05 1.364713e+03 5.471241e+02 1.510773e+03
-6.136561e-05 1.468066e+03 5.885590e+02 1.625187e+03
-7.132171e-05 1.580227e+03 6.335254e+02 1.749352e+03
-8.701733e-05 1.603870e+03 6.430039e+02 1.775525e+03
-1.075679e-04 1.594905e+03 6.394098e+02 1.765601e+03
-1.354156e-04 1.587273e+03 6.363502e+02 1.757153e+03
-1.843429e-04 1.627786e+03 6.525923e+02 1.802002e+03
-2.655341e-04 1.732525e+03 6.945828e+02 1.917950e+03
-3.909853e-04 1.571234e+03 6.299199e+02 1.739397e+03
-5.566814e-04 1.512852e+03 6.065143e+02 1.674767e+03
-8.227810e-04 1.578705e+03 6.329152e+02 1.747667e+03
-1.255771e-03 1.471550e+03 5.899558e+02 1.629044e+03
-1.727455e-03 1.432302e+03 5.742213e+02 1.585596e+03
-2.035120e-03 1.508560e+03 6.047937e+02 1.670016e+03
-2.055760e-03 1.585952e+03 6.358206e+02 1.755690e+03
-1.911606e-03 1.540618e+03 6.176457e+02 1.705504e+03
-1.732318e-03 1.552091e+03 6.222454e+02 1.718205e+03
-1.512840e-03 1.506724e+03 6.040576e+02 1.667983e+03
-1.259929e-03 1.491356e+03 5.978962e+02 1.650970e+03
-1.086187e-03 1.421427e+03 5.698614e+02 1.573557e+03
-9.103441e-04 1.411515e+03 5.658873e+02 1.562583e+03
-7.526390e-04 1.328117e+03 5.324527e+02 1.470261e+03
-6.675461e-04 1.360403e+03 5.453961e+02 1.506001e+03
-5.845484e-04 1.417199e+03 5.681663e+02 1.568876e+03
-5.207927e-04 1.432660e+03 5.743646e+02 1.585992e+03
-4.572087e-04 1.353514e+03 5.426344e+02 1.498375e+03
-3.661521e-04 1.383590e+03 5.546921e+02 1.531670e+03
-3.029416e-04 1.432404e+03 5.742621e+02 1.585709e+03
-2.660914e-04 1.414170e+03 5.669520e+02 1.565524e+03
-2.410443e-04 1.436770e+03 5.760124e+02 1.590542e+03
-2.207569e-04 1.505807e+03 6.036898e+02 1.666968e+03
-2.050205e-04 1.534358e+03 6.151364e+02 1.698575e+03
-1.953399e-04 1.482558e+03 5.943689e+02 1.641230e+03
-1.792900e-04 1.527693e+03 6.124641e+02 1.691196e+03
-1.599264e-04 1.518083e+03 6.086114e+02 1.680558e+03
-1.380209e-04 1.536664e+03 6.160608e+02 1.701127e+03
-1.198236e-04 1.531179e+03 6.138616e+02 1.695055e+03
-1.098987e-04 1.508194e+03 6.046469e+02 1.669610e+03
-1.025313e-04 1.516591e+03 6.080134e+02 1.678906e+03
-9.430434e-05 1.542111e+03 6.182446e+02 1.707158e+03
-8.582748e-05 1.567971e+03 6.286119e+02 1.735785e+03
-8.025372e-05 1.528043e+03 6.126044e+02 1.691583e+03
-7.710539e-05 1.619657e+03 6.493331e+02 1.793002e+03
-7.454150e-05 1.600228e+03 6.415441e+02 1.771494e+03
-7.351793e-05 1.604449e+03 6.432362e+02 1.776167e+03
-7.561026e-05 1.602410e+03 6.424186e+02 1.773909e+03
-7.780018e-05 1.608279e+03 6.447717e+02 1.780407e+03
-7.963908e-05 1.523388e+03 6.107383e+02 1.686430e+03
-8.310164e-05 1.474545e+03 5.911565e+02 1.632359e+03
-8.994426e-05 1.511787e+03 6.060874e+02 1.673588e+03
-1.013863e-04 1.500322e+03 6.014908e+02 1.660895e+03
-1.165406e-04 1.405179e+03 5.633472e+02 1.555570e+03
-1.398968e-04 1.411775e+03 5.659918e+02 1.562872e+03
-1.752217e-04 1.438116e+03 5.765520e+02 1.592032e+03
-2.279578e-04 1.483235e+03 5.946404e+02 1.641979e+03
-3.115970e-04 1.519918e+03 6.093472e+02 1.682589e+03
-4.672532e-04 1.529759e+03 6.132925e+02 1.693483e+03
-7.303516e-04 1.464456e+03 5.871119e+02 1.621191e+03
-1.186363e-03 1.458162e+03 5.845888e+02 1.614224e+03
-2.047648e-03 1.411037e+03 5.656956e+02 1.562054e+03
-3.629731e-03 1.479385e+03 5.930969e+02 1.637717e+03
-6.469777e-03 1.510457e+03 6.055542e+02 1.672116e+03
-1.033430e-02 1.497613e+03 6.004050e+02 1.657897e+03
-1.504606e-02 1.480564e+03 5.935696e+02 1.639022e+03
-1.953098e-02 1.498418e+03 6.007277e+02 1.658788e+03
-2.537615e-02 1.568040e+03 6.286395e+02 1.735861e+03
-3.030570e-02 1.566606e+03 6.280645e+02 1.734273e+03
-3.149748e-02 1.514846e+03 6.073135e+02 1.676973e+03
-2.797463e-02 1.549302e+03 6.211272e+02 1.715117e+03
-1.933890e-02 1.532159e+03 6.142546e+02 1.696140e+03
-1.228092e-02 1.587256e+03 6.363434e+02 1.757134e+03
-8.285929e-03 1.616287e+03 6.479823e+02 1.789272e+03
-6.149802e-03 1.599546e+03 6.412706e+02 1.770739e+03
-5.216240e-03 1.555345e+03 6.235501e+02 1.721808e+03
-5.249716e-03 1.563148e+03 6.266784e+02 1.730446e+03
-5.510250e-03 1.510466e+03 6.055577e+02 1.672125e+03
-4.929323e-03 1.597068e+03 6.402769e+02 1.767995e+03
-3.546405e-03 1.540695e+03 6.176766e+02 1.705589e+03
-2.457166e-03 1.520557e+03 6.096033e+02 1.683296e+03
-1.864499e-03 1.559016e+03 6.250216e+02 1.725871e+03
-1.482046e-03 1.533978e+03 6.149838e+02 1.698153e+03
-1.203223e-03 1.508673e+03 6.048389e+02 1.670140e+03
-1.038015e-03 1.460121e+03 5.853741e+02 1.616392e+03
-9.663666e-04 1.412088e+03 5.661173e+02 1.563219e+03
-9.534868e-04 1.508139e+03 6.046247e+02 1.669549e+03
-8.797146e-04 1.419375e+03 5.690384e+02 1.571285e+03
-7.703321e-04 1.563686e+03 6.268939e+02 1.731041e+03
-6.820985e-04 1.512652e+03 6.064342e+02 1.674545e+03
-5.795897e-04 1.570065e+03 6.294516e+02 1.738103e+03
-5.097830e-04 1.636757e+03 6.561886e+02 1.811932e+03
-4.800149e-04 1.665630e+03 6.677641e+02 1.843896e+03
-4.703379e-04 1.610697e+03 6.457409e+02 1.783083e+03
-4.578202e-04 1.547647e+03 6.204638e+02 1.713285e+03
-4.291711e-04 1.510271e+03 6.054795e+02 1.671909e+03
-3.942083e-04 1.579717e+03 6.333210e+02 1.748788e+03
-3.544830e-04 1.573003e+03 6.306292e+02 1.741355e+03
-3.249524e-04 1.598037e+03 6.406657e+02 1.769069e+03
-3.092157e-04 1.583712e+03 6.349227e+02 1.753211e+03
-3.093098e-04 1.542863e+03 6.185461e+02 1.707990e+03
-3.277945e-04 1.650834e+03 6.618324e+02 1.827517e+03
-3.561420e-04 1.634294e+03 6.552012e+02 1.809206e+03
-4.001358e-04 1.611293e+03 6.459801e+02 1.783744e+03
-4.687645e-04 1.489278e+03 5.970631e+02 1.648669e+03
-5.495085e-04 1.535797e+03 6.157131e+02 1.700167e+03
-6.212031e-04 1.546304e+03 6.199256e+02 1.711799e+03
-6.873082e-04 1.633941e+03 6.550596e+02 1.808815e+03
-7.848148e-04 1.612315e+03 6.463897e+02 1.784874e+03
-9.264219e-04 1.534707e+03 6.152761e+02 1.698961e+03
-1.104590e-03 1.496894e+03 6.001164e+02 1.657100e+03
-1.282933e-03 1.512244e+03 6.062703e+02 1.674093e+03
-1.451526e-03 1.558139e+03 6.246703e+02 1.724901e+03
-1.687369e-03 1.472362e+03 5.902814e+02 1.629943e+03
-2.027163e-03 1.481720e+03 5.940330e+02 1.640302e+03
-2.418560e-03 1.451089e+03 5.817528e+02 1.606393e+03
-2.679714e-03 1.333914e+03 5.347767e+02 1.476678e+03
-2.564840e-03 1.414513e+03 5.670893e+02 1.565903e+03
-2.355655e-03 1.529473e+03 6.131777e+02 1.693166e+03
-2.396472e-03 1.564058e+03 6.270432e+02 1.731453e+03
-2.600143e-03 1.594434e+03 6.392209e+02 1.765079e+03
-2.637056e-03 1.558968e+03 6.250026e+02 1.725818e+03
-2.613145e-03 1.489154e+03 5.970134e+02 1.648532e+03
-3.115389e-03 1.463021e+03 5.865366e+02 1.619602e+03
-3.685872e-03 1.522510e+03 6.103860e+02 1.685458e+03
-4.121534e-03 1.477553e+03 5.923627e+02 1.635690e+03
-5.353993e-03 1.465332e+03 5.874629e+02 1.622160e+03
-7.054229e-03 1.563992e+03 6.270166e+02 1.731380e+03
-7.983659e-03 1.530679e+03 6.136613e+02 1.694502e+03
-7.254060e-03 1.480292e+03 5.934608e+02 1.638722e+03
-5.869595e-03 1.512709e+03 6.064570e+02 1.674609e+03
-4.589266e-03 1.517768e+03 6.084849e+02 1.680208e+03
-3.356299e-03 1.583150e+03 6.346972e+02 1.752588e+03
-2.247226e-03 1.534707e+03 6.152760e+02 1.698960e+03
-1.432707e-03 1.519382e+03 6.091321e+02 1.681995e+03
-9.493510e-04 1.491338e+03 5.978893e+02 1.650950e+03
-6.903962e-04 1.601012e+03 6.418581e+02 1.772361e+03
-5.320500e-04 1.571086e+03 6.298607e+02 1.739233e+03
-4.282196e-04 1.588711e+03 6.369268e+02 1.758745e+03
-3.595571e-04 1.605397e+03 6.436162e+02 1.777216e+03
-3.311076e-04 1.668683e+03 6.689879e+02 1.847275e+03
-3.259869e-04 1.659368e+03 6.652537e+02 1.836964e+03
-3.200260e-04 1.617069e+03 6.482955e+02 1.790137e+03
-3.244535e-04 1.566300e+03 6.279419e+02 1.733935e+03
-3.429226e-04 1.549886e+03 6.213617e+02 1.715765e+03
-3.705794e-04 1.613086e+03 6.466989e+02 1.785728e+03
-4.030711e-04 1.587433e+03 6.364145e+02 1.757330e+03
-4.318572e-04 1.698474e+03 6.809314e+02 1.880254e+03
-4.659185e-04 1.741631e+03 6.982336e+02 1.928031e+03
-5.331336e-04 1.760224e+03 7.056875e+02 1.948614e+03
-6.308037e-04 1.828838e+03 7.331957e+02 2.024572e+03
-7.115121e-04 1.785081e+03 7.156531e+02 1.976131e+03
-7.711415e-04 1.760529e+03 7.058098e+02 1.948951e+03
-8.394566e-04 1.651870e+03 6.622475e+02 1.828663e+03
-8.819281e-04 1.634872e+03 6.554332e+02 1.809846e+03
-8.842184e-04 1.500898e+03 6.017216e+02 1.661533e+03
-8.603682e-04 1.559658e+03 6.252790e+02 1.726582e+03
-7.945307e-04 1.444392e+03 5.790680e+02 1.598979e+03
-7.446207e-04 1.474328e+03 5.910696e+02 1.632119e+03
-6.848620e-04 1.506695e+03 6.040458e+02 1.667951e+03
-6.240718e-04 1.452957e+03 5.825018e+02 1.608461e+03
-5.848983e-04 1.471036e+03 5.897499e+02 1.628475e+03
-5.553143e-04 1.378803e+03 5.527731e+02 1.526371e+03
-5.268425e-04 1.438484e+03 5.766995e+02 1.592439e+03
-5.001675e-04 1.442603e+03 5.783509e+02 1.596999e+03
-5.078082e-04 1.471872e+03 5.900849e+02 1.629400e+03
-5.357168e-04 1.458219e+03 5.846116e+02 1.614287e+03
-5.396878e-04 1.463204e+03 5.866098e+02 1.619805e+03
-5.035933e-04 1.381302e+03 5.537747e+02 1.529137e+03
-4.516093e-04 1.461843e+03 5.860642e+02 1.618298e+03
-3.853333e-04 1.464725e+03 5.872199e+02 1.621489e+03
-3.169812e-04 1.352168e+03 5.420948e+02 1.496885e+03
-2.624425e-04 1.484983e+03 5.953415e+02 1.643915e+03
-2.225441e-04 1.610701e+03 6.457425e+02 1.783087e+03
-1.852355e-04 1.578896e+03 6.329918e+02 1.747879e+03
-1.412454e-04 1.621508e+03 6.500755e+02 1.795052e+03
-1.080765e-04 1.580849e+03 6.337748e+02 1.750041e+03
-8.782517e-05 1.519465e+03 6.091655e+02 1.682088e+03
-7.388844e-05 1.503909e+03 6.029290e+02 1.664867e+03
-6.468826e-05 1.487619e+03 5.963983e+02 1.646833e+03
-5.638747e-05 1.472493e+03 5.903341e+02 1.630088e+03
-4.958752e-05 1.471954e+03 5.901179e+02 1.629491e+03
-4.500422e-05 1.414879e+03 5.672361e+02 1.566308e+03
-4.165189e-05 1.450742e+03 5.816139e+02 1.606009e+03
-3.888093e-05 1.540574e+03 6.176283e+02 1.705456e+03
-3.655901e-05 1.515054e+03 6.073970e+02 1.677204e+03
-3.451039e-05 1.498052e+03 6.005809e+02 1.658383e+03
-3.217737e-05 1.439285e+03 5.770207e+02 1.593326e+03
-3.052469e-05 1.473357e+03 5.906803e+02 1.631044e+03
-2.907297e-05 1.488295e+03 5.966691e+02 1.647581e+03
-2.740880e-05 1.491164e+03 5.978192e+02 1.650757e+03
-2.623633e-05 1.486140e+03 5.958051e+02 1.645195e+03
-2.557416e-05 1.480661e+03 5.936085e+02 1.639130e+03
-2.514231e-05 1.448905e+03 5.808774e+02 1.603976e+03
-2.470131e-05 1.438652e+03 5.767668e+02 1.592625e+03
-2.440327e-05 1.416580e+03 5.679181e+02 1.568191e+03
-2.415374e-05 1.473822e+03 5.908668e+02 1.631559e+03
-2.397000e-05 1.470243e+03 5.894321e+02 1.627598e+03
-2.357354e-05 1.407214e+03 5.641632e+02 1.557823e+03
-2.301772e-05 1.381514e+03 5.538596e+02 1.529372e+03
-2.282315e-05 1.415479e+03 5.674765e+02 1.566972e+03
-2.256104e-05 1.514479e+03 6.071666e+02 1.676568e+03
-2.233257e-05 1.591798e+03 6.381645e+02 1.762162e+03
-2.222913e-05 1.491495e+03 5.979522e+02 1.651124e+03
-2.229987e-05 1.518593e+03 6.088159e+02 1.681122e+03
-2.254378e-05 1.493238e+03 5.986510e+02 1.653054e+03
-2.251227e-05 1.574911e+03 6.313943e+02 1.743468e+03
-2.232620e-05 1.607853e+03 6.446008e+02 1.779935e+03
-2.211795e-05 1.645730e+03 6.597861e+02 1.821866e+03
-2.196719e-05 1.536889e+03 6.161508e+02 1.701376e+03
-2.197395e-05 1.472905e+03 5.904992e+02 1.630544e+03
-2.190068e-05 1.512959e+03 6.065572e+02 1.674885e+03
-2.170338e-05 1.562315e+03 6.263444e+02 1.729524e+03
-2.181861e-05 1.517143e+03 6.082347e+02 1.679517e+03
-2.229872e-05 1.501578e+03 6.019943e+02 1.662286e+03
-2.270375e-05 1.600304e+03 6.415744e+02 1.771578e+03
-2.271846e-05 1.693789e+03 6.790532e+02 1.875068e+03
-2.240527e-05 1.744879e+03 6.995358e+02 1.931627e+03
-2.197825e-05 1.695211e+03 6.796235e+02 1.876643e+03
-2.157391e-05 1.520016e+03 6.093865e+02 1.682698e+03
-2.116012e-05 1.492189e+03 5.982301e+02 1.651892e+03
-2.071239e-05 1.511046e+03 6.057904e+02 1.672768e+03
-2.041852e-05 1.412401e+03 5.662426e+02 1.563565e+03
-2.014468e-05 1.435676e+03 5.755736e+02 1.589330e+03
-1.966554e-05 1.449859e+03 5.812598e+02 1.605031e+03
-1.918697e-05 1.388740e+03 5.567569e+02 1.537372e+03
-1.882153e-05 1.430300e+03 5.734184e+02 1.583379e+03
-1.852312e-05 1.449101e+03 5.809558e+02 1.604192e+03
-1.834455e-05 1.551929e+03 6.221805e+02 1.718026e+03
-1.839938e-05 1.629608e+03 6.533226e+02 1.804018e+03
-1.864522e-05 1.629869e+03 6.534273e+02 1.804307e+03
-1.897584e-05 1.610957e+03 6.458454e+02 1.783372e+03
-1.958437e-05 1.592138e+03 6.383006e+02 1.762538e+03
-2.049074e-05 1.546260e+03 6.199079e+02 1.711750e+03
-2.149214e-05 1.502519e+03 6.023717e+02 1.663328e+03
-2.249696e-05 1.552237e+03 6.223038e+02 1.718366e+03
-2.327418e-05 1.557807e+03 6.245372e+02 1.724533e+03
-2.368991e-05 1.470066e+03 5.893610e+02 1.627401e+03
-2.414448e-05 1.398331e+03 5.606017e+02 1.547988e+03
-2.477383e-05 1.446587e+03 5.799482e+02 1.601410e+03
-2.531807e-05 1.466434e+03 5.879050e+02 1.623381e+03
-2.605968e-05 1.400011e+03 5.612752e+02 1.549848e+03
-2.710365e-05 1.336512e+03 5.358181e+02 1.479553e+03
-2.808334e-05 1.335497e+03 5.354111e+02 1.478430e+03
-2.869767e-05 1.338073e+03 5.364441e+02 1.481282e+03
-2.903227e-05 1.341976e+03 5.380088e+02 1.485603e+03
-2.913796e-05 1.415371e+03 5.674333e+02 1.566853e+03
-2.915239e-05 1.415784e+03 5.675987e+02 1.567309e+03
-2.930346e-05 1.402659e+03 5.623371e+02 1.552780e+03
-2.926790e-05 1.340439e+03 5.373927e+02 1.483901e+03
-2.932447e-05 1.305315e+03 5.233108e+02 1.445017e+03
-2.946697e-05 1.370509e+03 5.494479e+02 1.517190e+03
-2.944582e-05 1.446433e+03 5.798865e+02 1.601240e+03
-2.979215e-05 1.522989e+03 6.105782e+02 1.685988e+03
-3.055842e-05 1.494551e+03 5.991772e+02 1.654507e+03
-3.194058e-05 1.390991e+03 5.576592e+02 1.539863e+03
-3.374210e-05 1.374929e+03 5.512198e+02 1.522082e+03
-3.565334e-05 1.377889e+03 5.524066e+02 1.525359e+03
-3.791522e-05 1.374797e+03 5.511669e+02 1.521936e+03
-4.096070e-05 1.413783e+03 5.667966e+02 1.565094e+03
-4.507941e-05 1.489904e+03 5.973141e+02 1.649362e+03
-4.984242e-05 1.456114e+03 5.837674e+02 1.611956e+03
-5.527557e-05 1.542620e+03 6.184485e+02 1.707721e+03
-6.092983e-05 1.502085e+03 6.021978e+02 1.662848e+03
-6.588205e-05 1.475015e+03 5.913449e+02 1.632880e+03
-7.021872e-05 1.485818e+03 5.956761e+02 1.644839e+03
-7.480599e-05 1.471309e+03 5.898593e+02 1.628777e+03
-7.802310e-05 1.458863e+03 5.848696e+02 1.614999e+03
-7.960090e-05 1.454699e+03 5.832003e+02 1.610390e+03
-8.439577e-05 1.472051e+03 5.901569e+02 1.629599e+03
-8.916477e-05 1.521364e+03 6.099266e+02 1.684189e+03
-8.826061e-05 1.543186e+03 6.186753e+02 1.708347e+03
-8.609912e-05 1.523975e+03 6.109735e+02 1.687080e+03
-8.417129e-05 1.559164e+03 6.250809e+02 1.726035e+03
-8.190661e-05 1.515743e+03 6.076731e+02 1.677966e+03
-7.834897e-05 1.547552e+03 6.204259e+02 1.713181e+03
-7.460037e-05 1.573090e+03 6.306640e+02 1.741451e+03
-7.283246e-05 1.543342e+03 6.187381e+02 1.708520e+03
-7.024506e-05 1.484346e+03 5.950860e+02 1.643210e+03
-6.586069e-05 1.589489e+03 6.372388e+02 1.759606e+03
-6.190755e-05 1.637979e+03 6.566785e+02 1.813285e+03
-5.905199e-05 1.591367e+03 6.379915e+02 1.761685e+03
-5.768669e-05 1.570524e+03 6.296356e+02 1.738611e+03
-5.704879e-05 1.514061e+03 6.069991e+02 1.676105e+03
-5.589095e-05 1.484843e+03 5.952853e+02 1.643760e+03
-5.386114e-05 1.501755e+03 6.020652e+02 1.662482e+03
-5.266346e-05 1.544911e+03 6.193671e+02 1.710257e+03
-5.351817e-05 1.563074e+03 6.266486e+02 1.730364e+03
-5.640008e-05 1.489431e+03 5.971245e+02 1.648839e+03
-6.088051e-05 1.499225e+03 6.010509e+02 1.659681e+03
-6.600362e-05 1.502331e+03 6.022963e+02 1.663119e+03
-6.993772e-05 1.503693e+03 6.028421e+02 1.664627e+03
-7.147669e-05 1.547543e+03 6.204222e+02 1.713170e+03
-7.410200e-05 1.566976e+03 6.282129e+02 1.734683e+03
-7.799473e-05 1.580484e+03 6.336283e+02 1.749636e+03
-8.019844e-05 1.604054e+03 6.430777e+02 1.775729e+03
-8.083052e-05 1.596399e+03 6.400090e+02 1.767255e+03
-8.103644e-05 1.548069e+03 6.206329e+02 1.713752e+03
-8.288253e-05 1.588699e+03 6.369220e+02 1.758732e+03
-8.708360e-05 1.593449e+03 6.388264e+02 1.763990e+03
-9.231639e-05 1.608179e+03 6.447317e+02 1.780296e+03
-1.001630e-04 1.620960e+03 6.498557e+02 1.794445e+03
-1.143386e-04 1.714998e+03 6.875560e+02 1.898547e+03
-1.412192e-04 1.676072e+03 6.719504e+02 1.855455e+03
-1.787705e-04 1.610013e+03 6.454670e+02 1.782327e+03
-2.135657e-04 1.613769e+03 6.469727e+02 1.786484e+03
-2.461262e-04 1.578408e+03 6.327962e+02 1.747339e+03
-2.726520e-04 1.565725e+03 6.277113e+02 1.733298e+03
