#E_pot  E_kin  T  P
-2.762864e-04 7.434472e+02 2.980538e+02 8.230154e+02
-2.477331e-04 6.952469e+02 2.787299e+02 7.696564e+02
-2.235963e-04 7.671545e+02 3.075582e+02 8.492600e+02
-2.044984e-04 7.848885e+02 3.146679e+02 8.688920e+02
-1.856784e-04 7.694841e+02 3.084922e+02 8.518390e+02
-1.650451e-04 7.284542e+02 2.920430e+02 8.064178e+02
-1.484465e-04 7.333232e+02 2.939950e+02 8.118079e+02
-1.370293e-04 7.377442e+02 2.957674e+02 8.167021e+02
-1.272090e-04 7.461571e+02 2.991402e+02 8.260153e+02
-1.192757e-04 7.021838e+02 2.815110e+02 7.773358e+02
-1.142063e-04 6.677999e+02 2.677262e+02 7.392719e+02
-1.116473e-04 6.603318e+02 2.647322e+02 7.310045e+02
-1.110558e-04 6.727408e+02 2.697071e+02 7.447416e+02
-1.112174e-04 6.770092e+02 2.714183e+02 7.494668e+02
-1.110285e-04 6.852407e+02 2.747184e+02 7.585793e+02
-1.117935e-04 7.523209e+02 3.016114e+02 8.328389e+02
-1.143227e-04 7.670307e+02 3.075086e+02 8.491229e+02
-1.161719e-04 7.655889e+02 3.069306e+02 8.475269e+02
-1.160327e-04 7.728113e+02 3.098261e+02 8.555223e+02
-1.165093e-04 7.718919e+02 3.094575e+02 8.545045e+02
-1.185986e-04 7.250786e+02 2.906897e+02 8.026809e+02
-1.189567e-04 7.060956e+02 2.830793e+02 7.816662e+02
-1.189593e-04 7.385433e+02 2.960878e+02 8.175867e+02
-1.210913e-04 7.654732e+02 3.068842e+02 8.473988e+02
-1.233653e-04 8.096155e+02 3.245812e+02 8.962654e+02
-1.239664e-04 7.665992e+02 3.073356e+02 8.486453e+02
-1.231761e-04 8.007696e+02 3.210348e+02 8.864728e+02
-1.222415e-04 8.069293e+02 3.235043e+02 8.932918e+02
-1.197793e-04 8.186820e+02 3.282160e+02 9.063023e+02
-1.155540e-04 8.465189e+02 3.393761e+02 9.371184e+02
-1.126899e-04 8.502452e+02 3.408700e+02 9.412436e+02
-1.112193e-04 8.262889e+02 3.312657e+02 9.147233e+02
-1.078746e-04 8.166203e+02 3.273895e+02 9.040199e+02
-1.037161e-04 7.882644e+02 3.160214e+02 8.726293e+02
-1.014676e-04 7.763737e+02 3.112543e+02 8.594659e+02
-1.001003e-04 7.669569e+02 3.074790e+02 8.490412e+02
-9.932707e-05 7.634697e+02 3.060810e+02 8.451809e+02
-9.912573e-05 7.564189e+02 3.032543e+02 8.373754e+02
-9.971342e-05 7.652739e+02 3.068043e+02 8.471782e+02
-1.020325e-04 7.617486e+02 3.053910e+02 8.432756e+02
-1.056400e-04 7.621242e+02 3.055416e+02 8.436913e+02
-1.092528e-04 7.020650e+02 2.814634e+02 7.772043e+02
-1.118806e-04 7.280187e+02 2.918684e+02 8.059357e+02
-1.129052e-04 7.544906e+02 3.024812e+02 8.352408e+02
-1.125314e-04 7.560480e+02 3.031056e+02 8.369649e+02
-1.122547e-04 7.772114e+02 3.115901e+02 8.603932e+02
-1.126519e-04 7.707888e+02 3.090153e+02 8.532832e+02
-1.162044e-04 7.400214e+02 2.966804e+02 8.192230e+02
-1.235198e-04 7.378467e+02 2.958085e+02 8.168155e+02
-1.310973e-04 7.431390e+02 2.979302e+02 8.226742e+02
-1.364473e-04 7.521470e+02 3.015416e+02 8.326463e+02
-1.431664e-04 7.337280e+02 2.941573e+02 8.122560e+02
-1.554432e-04 7.226128e+02 2.897011e+02 7.999512e+02
-1.724570e-04 7.371095e+02 2.955130e+02 8.159994e+02
-1.932136e-04 7.437106e+02 2.981594e+02 8.233070e+02
-2.180573e-04 7.955177e+02 3.189293e+02 8.806589e+02
-2.485392e-04 8.215145e+02 3.293516e+02 9.094380e+02
-2.759996e-04 8.177694e+02 3.278502e+02 9.052920e+02
-2.869777e-04 7.865692e+02 3.153418e+02 8.707526e+02
-2.907346e-04 7.411164e+02 2.971194e+02 8.204352e+02
-3.007406e-04 7.505489e+02 3.009009e+02 8.308772e+02
-3.149268e-04 7.656901e+02 3.069712e+02 8.476388e+02
-3.411563e-04 7.536907e+02 3.021605e+02 8.343552e+02
-3.723259e-04 7.442702e+02 2.983838e+02 8.239265e+02
-4.047693e-04 7.781195e+02 3.119542e+02 8.613985e+02
-4.330342e-04 7.079010e+02 2.838031e+02 7.836649e+02
-4.453783e-04 7.274980e+02 2.916597e+02 8.053592e+02
-4.503689e-04 7.174063e+02 2.876138e+02 7.941875e+02
-4.515421e-04 7.132484e+02 2.859469e+02 7.895845e+02
-4.699267e-04 7.249376e+02 2.906332e+02 8.025248e+02
-4.840622e-04 7.392106e+02 2.963553e+02 8.183254e+02
-4.642766e-04 7.553792e+02 3.028374e+02 8.362244e+02
-4.421283e-04 7.431990e+02 2.979543e+02 8.227406e+02
-4.235533e-04 7.326613e+02 2.937297e+02 8.110751e+02
-4.072572e-04 7.439046e+02 2.982372e+02 8.235217e+02
-3.986296e-04 7.170426e+02 2.874680e+02 7.937848e+02
-3.872133e-04 6.891488e+02 2.762852e+02 7.629056e+02
-3.791895e-04 7.437031e+02 2.981564e+02 8.232987e+02
-3.786222e-04 7.560069e+02 3.030891e+02 8.369194e+02
-3.816603e-04 7.400194e+02 2.966796e+02 8.192208e+02
-3.978546e-04 7.587773e+02 3.041998e+02 8.399863e+02
-4.309142e-04 7.915276e+02 3.173296e+02 8.762417e+02
-4.741902e-04 7.651297e+02 3.067465e+02 8.470185e+02
-5.221682e-04 7.612334e+02 3.051844e+02 8.427052e+02
-5.888774e-04 7.525115e+02 3.016878e+02 8.330498e+02
-6.673777e-04 7.724415e+02 3.096779e+02 8.551129e+02
-7.223342e-04 7.831955e+02 3.139892e+02 8.670178e+02
-7.468402e-04 7.569240e+02 3.034568e+02 8.379346e+02
-7.537098e-04 7.582331e+02 3.039816e+02 8.393838e+02
-7.261884e-04 7.666565e+02 3.073586e+02 8.487088e+02
-6.855577e-04 7.694852e+02 3.084927e+02 8.518402e+02
-6.491181e-04 7.297183e+02 2.925498e+02 8.078172e+02
-6.106093e-04 7.311496e+02 2.931236e+02 8.094016e+02
-5.688054e-04 7.358417e+02 2.950047e+02 8.145959e+02
-5.310971e-04 7.537203e+02 3.021724e+02 8.343879e+02
-5.123461e-04 7.374956e+02 2.956678e+02 8.164268e+02
-5.054665e-04 7.750209e+02 3.107119e+02 8.579683e+02
-4.943895e-04 7.741441e+02 3.103604e+02 8.569977e+02
-4.799844e-04 7.508840e+02 3.010353e+02 8.312482e+02
-4.863244e-04 7.744253e+02 3.104732e+02 8.573090e+02
-4.986005e-04 7.927121e+02 3.178045e+02 8.775529e+02
-5.048426e-04 7.905254e+02 3.169279e+02 8.751323e+02
-5.152818e-04 7.859571e+02 3.150964e+02 8.700749e+02
-5.579920e-04 7.629826e+02 3.058857e+02 8.446417e+02
-6.254433e-04 7.047468e+02 2.825385e+02 7.801731e+02
-6.613391e-04 7.132695e+02 2.859554e+02 7.896080e+02
-6.636943e-04 7.024245e+02 2.816075e+02 7.776022e+02
-6.268986e-04 7.261338e+02 2.911128e+02 8.038491e+02
-5.585335e-04 7.207701e+02 2.889624e+02 7.979112e+02
-4.767668e-04 7.396684e+02 2.965389e+02 8.188321e+02
-4.053248e-04 7.627825e+02 3.058055e+02 8.444201e+02
-3.535213e-04 7.720054e+02 3.095030e+02 8.546301e+02
-3.133195e-04 7.809192e+02 3.130766e+02 8.644979e+02
-2.845035e-04 7.801070e+02 3.127510e+02 8.635988e+02
-2.633310e-04 8.008424e+02 3.210640e+02 8.865534e+02
-2.461962e-04 7.671404e+02 3.075526e+02 8.492444e+02
-2.301632e-04 8.001495e+02 3.207862e+02 8.857863e+02
-2.086208e-04 7.874513e+02 3.156954e+02 8.717291e+02
-1.873416e-04 7.691789e+02 3.083699e+02 8.515011e+02
-1.718126e-04 8.195867e+02 3.285787e+02 9.073038e+02
-1.545724e-04 7.890084e+02 3.163197e+02 8.734529e+02
-1.377144e-04 7.856148e+02 3.149591e+02 8.696961e+02
-1.276072e-04 7.787527e+02 3.122081e+02 8.620995e+02
-1.203522e-04 7.881457e+02 3.159738e+02 8.724979e+02
-1.101998e-04 7.167522e+02 2.873516e+02 7.934634e+02
-9.973296e-05 7.545974e+02 3.025240e+02 8.353590e+02
-9.220465e-05 7.741905e+02 3.103791e+02 8.570491e+02
-8.633427e-05 7.090219e+02 2.842524e+02 7.849057e+02
-8.160400e-05 7.298000e+02 2.925826e+02 8.079077e+02
-7.814735e-05 7.036405e+02 2.820950e+02 7.789484e+02
-7.602901e-05 7.176623e+02 2.877164e+02 7.944708e+02
-7.472676e-05 7.028720e+02 2.817869e+02 7.780977e+02
-7.305322e-05 7.240712e+02 2.902858e+02 8.015657e+02
-7.082983e-05 7.152168e+02 2.867360e+02 7.917636e+02
-6.692484e-05 7.232733e+02 2.899659e+02 8.006824e+02
-6.263576e-05 7.731443e+02 3.099596e+02 8.558909e+02
-5.875348e-05 7.948677e+02 3.186687e+02 8.799393e+02
-5.432982e-05 7.898158e+02 3.166433e+02 8.743466e+02
-4.925040e-05 8.141366e+02 3.263938e+02 9.012705e+02
-4.523111e-05 8.490164e+02 3.403773e+02 9.398833e+02
-4.291764e-05 8.555888e+02 3.430123e+02 9.471591e+02
-4.129742e-05 8.574041e+02 3.437400e+02 9.491687e+02
-4.037379e-05 8.238546e+02 3.302898e+02 9.120285e+02
-4.032586e-05 8.534492e+02 3.421545e+02 9.447905e+02
-4.064472e-05 8.336849e+02 3.342308e+02 9.229109e+02
-4.082671e-05 8.256242e+02 3.309992e+02 9.139875e+02
-4.061317e-05 7.822600e+02 3.136142e+02 8.659822e+02
-4.033129e-05 8.044382e+02 3.225056e+02 8.905340e+02
-4.028673e-05 7.854362e+02 3.148875e+02 8.694984e+02
-3.999884e-05 7.665177e+02 3.073030e+02 8.485551e+02
-3.930611e-05 7.474564e+02 2.996611e+02 8.274537e+02
-3.832125e-05 7.399954e+02 2.966699e+02 8.191941e+02
-3.724531e-05 7.122086e+02 2.855300e+02 7.884335e+02
-3.619787e-05 7.413827e+02 2.972261e+02 8.207299e+02
-3.536916e-05 7.423974e+02 2.976329e+02 8.218532e+02
-3.503786e-05 7.442106e+02 2.983599e+02 8.238605e+02
-3.480039e-05 7.714008e+02 3.092606e+02 8.539608e+02
-3.425811e-05 7.629334e+02 3.058660e+02 8.445871e+02
-3.335246e-05 7.537796e+02 3.021962e+02 8.344536e+02
-3.276523e-05 7.994674e+02 3.205127e+02 8.850312e+02
-3.310683e-05 7.448827e+02 2.986293e+02 8.246046e+02
-3.392878e-05 7.442026e+02 2.983567e+02 8.238517e+02
-3.515710e-05 7.499423e+02 3.006578e+02 8.302057e+02
-3.697018e-05 7.861293e+02 3.151654e+02 8.702656e+02
-3.926392e-05 8.044261e+02 3.225007e+02 8.905206e+02
-4.195116e-05 8.058388e+02 3.230671e+02 8.920845e+02
-4.510290e-05 7.657873e+02 3.070101e+02 8.477465e+02
-4.898049e-05 8.098024e+02 3.246561e+02 8.964723e+02
-5.322854e-05 7.734234e+02 3.100715e+02 8.561998e+02
-5.734928e-05 6.998432e+02 2.805726e+02 7.747446e+02
-6.194512e-05 7.271833e+02 2.915335e+02 8.050109e+02
-6.724955e-05 7.347117e+02 2.945517e+02 8.133450e+02
-7.265076e-05 7.478242e+02 2.998086e+02 8.278608e+02
-7.769820e-05 7.471863e+02 2.995528e+02 8.271547e+02
-8.202184e-05 7.568390e+02 3.034227e+02 8.378405e+02
-8.590723e-05 8.049392e+02 3.227064e+02 8.910887e+02
-8.698828e-05 8.082798e+02 3.240457e+02 8.947868e+02
-8.618594e-05 8.195426e+02 3.285611e+02 9.072550e+02
-8.652445e-05 8.577339e+02 3.438722e+02 9.495337e+02
-8.624407e-05 8.387717e+02 3.362702e+02 9.285421e+02
-8.452821e-05 8.720641e+02 3.496174e+02 9.653977e+02
-8.397354e-05 8.832192e+02 3.540895e+02 9.777467e+02
-8.416911e-05 8.441949e+02 3.384444e+02 9.345458e+02
-8.400700e-05 8.361773e+02 3.352301e+02 9.256701e+02
-8.232773e-05 8.314287e+02 3.333263e+02 9.204132e+02
-8.002720e-05 8.665022e+02 3.473875e+02 9.592405e+02
-7.937608e-05 8.487399e+02 3.402665e+02 9.395772e+02
-7.894896e-05 7.939538e+02 3.183023e+02 8.789275e+02
-7.724893e-05 8.047404e+02 3.226267e+02 8.908685e+02
-7.504829e-05 7.897256e+02 3.166072e+02 8.742468e+02
-7.381570e-05 8.087028e+02 3.242153e+02 8.952550e+02
-7.262377e-05 7.744847e+02 3.104970e+02 8.573748e+02
-7.053685e-05 8.059558e+02 3.231140e+02 8.922140e+02
-6.909935e-05 7.433887e+02 2.980304e+02 8.229506e+02
-6.953007e-05 7.330014e+02 2.938660e+02 8.114516e+02
-7.067306e-05 7.266424e+02 2.913166e+02 8.044120e+02
-7.096281e-05 7.244245e+02 2.904275e+02 8.019567e+02
-6.984470e-05 6.947891e+02 2.785464e+02 7.691496e+02
-6.748474e-05 6.979501e+02 2.798137e+02 7.726489e+02
-6.487828e-05 7.332515e+02 2.939663e+02 8.117285e+02
-6.287850e-05 7.317599e+02 2.933683e+02 8.100773e+02
-6.102420e-05 7.120920e+02 2.854833e+02 7.883044e+02
-5.966295e-05 7.410281e+02 2.970840e+02 8.203374e+02
-5.936037e-05 7.576440e+02 3.037454e+02 8.387317e+02
-5.972638e-05 7.640649e+02 3.063196e+02 8.458397e+02
-6.058670e-05 7.901138e+02 3.167628e+02 8.746765e+02
-6.117426e-05 8.156370e+02 3.269953e+02 9.029314e+02
-6.166872e-05 7.884095e+02 3.160795e+02 8.727898e+02
-6.228891e-05 7.628353e+02 3.058266e+02 8.444785e+02
-6.319587e-05 7.676452e+02 3.077550e+02 8.498033e+02
-6.478111e-05 7.500352e+02 3.006950e+02 8.303086e+02
-6.622973e-05 7.426361e+02 2.977286e+02 8.221175e+02
-6.748224e-05 7.426030e+02 2.977154e+02 8.220809e+02
-6.992641e-05 7.395812e+02 2.965039e+02 8.187356e+02
-7.269172e-05 7.015014e+02 2.812374e+02 7.765803e+02
-7.547818e-05 7.248992e+02 2.906178e+02 8.024822e+02
-8.006753e-05 7.261333e+02 2.911125e+02 8.038485e+02
-8.596835e-05 7.239621e+02 2.902421e+02 8.014449e+02
-9.146350e-05 7.631009e+02 3.059332e+02 8.447726e+02
-9.502050e-05 7.833256e+02 3.140414e+02 8.671618e+02
-9.630860e-05 7.639746e+02 3.062834e+02 8.457398e+02
-9.578792e-05 7.593973e+02 3.044484e+02 8.406726e+02
-9.490234e-05 7.909934e+02 3.171155e+02 8.756503e+02
-9.320342e-05 7.585931e+02 3.041259e+02 8.397824e+02
-8.936956e-05 7.572604e+02 3.035916e+02 8.383070e+02
-8.459720e-05 7.162672e+02 2.871571e+02 7.929265e+02
-7.972589e-05 7.456399e+02 2.989329e+02 8.254428e+02
-7.497841e-05 7.503840e+02 3.008348e+02 8.306946e+02
-7.034688e-05 7.143130e+02 2.863737e+02 7.907631e+02
-6.648073e-05 6.759038e+02 2.709751e+02 7.482431e+02
-6.313699e-05 6.618091e+02 2.653245e+02 7.326399e+02
-6.006046e-05 6.526792e+02 2.616642e+02 7.225328e+02
-5.746249e-05 6.805200e+02 2.728258e+02 7.533533e+02
-5.529260e-05 6.530132e+02 2.617981e+02 7.229026e+02
-5.363190e-05 6.607525e+02 2.649009e+02 7.314702e+02
-5.249858e-05 6.774533e+02 2.715963e+02 7.499584e+02
-5.228549e-05 6.926266e+02 2.776794e+02 7.667556e+02
-5.304960e-05 7.178164e+02 2.877782e+02 7.946415e+02
-5.339308e-05 6.968779e+02 2.793838e+02 7.714620e+02
-5.313849e-05 7.106126e+02 2.848902e+02 7.866667e+02
-5.323552e-05 7.098386e+02 2.845799e+02 7.858099e+02
-5.344699e-05 7.072353e+02 2.835362e+02 7.829279e+02
-5.327547e-05 7.387089e+02 2.961542e+02 8.177699e+02
-5.322397e-05 7.119768e+02 2.854371e+02 7.881768e+02
-5.389897e-05 7.303171e+02 2.927898e+02 8.084800e+02
-5.386489e-05 7.350624e+02 2.946923e+02 8.137332e+02
-5.360545e-05 7.247541e+02 2.905596e+02 8.023217e+02
-5.377376e-05 7.537869e+02 3.021991e+02 8.344617e+02
-5.386237e-05 7.394738e+02 2.964608e+02 8.186168e+02
-5.464666e-05 7.534915e+02 3.020806e+02 8.341347e+02
-5.597158e-05 7.609803e+02 3.050830e+02 8.424250e+02
-5.797881e-05 7.390269e+02 2.962817e+02 8.181220e+02
-6.054253e-05 6.938510e+02 2.781703e+02 7.681111e+02
-6.211439e-05 6.819293e+02 2.733908e+02 7.549135e+02
-6.224049e-05 7.280613e+02 2.918855e+02 8.059829e+02
-6.201666e-05 7.454239e+02 2.988463e+02 8.252037e+02
-6.122037e-05 7.667698e+02 3.074040e+02 8.488342e+02
-5.926622e-05 7.485893e+02 3.001153e+02 8.287078e+02
-5.787440e-05 7.508656e+02 3.010279e+02 8.312278e+02
-5.815851e-05 7.443943e+02 2.984335e+02 8.240639e+02
-5.858867e-05 7.509719e+02 3.010705e+02 8.313455e+02
-5.899287e-05 8.233575e+02 3.300905e+02 9.114782e+02
-6.034256e-05 7.713848e+02 3.092542e+02 8.539431e+02
-6.163433e-05 7.152179e+02 2.867365e+02 7.917648e+02
-6.278166e-05 7.062666e+02 2.831478e+02 7.818555e+02
-6.397689e-05 7.079856e+02 2.838370e+02 7.837585e+02
-6.564914e-05 7.230179e+02 2.898636e+02 8.003997e+02
-6.875331e-05 7.644743e+02 3.064837e+02 8.462929e+02
-7.254081e-05 7.108197e+02 2.849732e+02 7.868960e+02
-7.703066e-05 7.186769e+02 2.881232e+02 7.955940e+02
-8.034003e-05 7.294820e+02 2.924551e+02 8.075556e+02
-8.083499e-05 7.249045e+02 2.906199e+02 8.024881e+02
-8.175908e-05 7.163024e+02 2.871713e+02 7.929655e+02
-8.363106e-05 7.205971e+02 2.888930e+02 7.977198e+02
-8.559287e-05 7.352336e+02 2.947609e+02 8.139227e+02
-8.729027e-05 7.591918e+02 3.043660e+02 8.404451e+02
-8.806300e-05 8.068538e+02 3.234740e+02 8.932081e+02
-8.785646e-05 7.629655e+02 3.058789e+02 8.446227e+02
-8.627333e-05 7.676587e+02 3.077604e+02 8.498182e+02
-8.471531e-05 7.253564e+02 2.908011e+02 8.029884e+02
-8.307970e-05 7.741859e+02 3.103772e+02 8.570439e+02
-8.082333e-05 7.680687e+02 3.079248e+02 8.502720e+02
-7.855722e-05 7.244574e+02 2.904406e+02 8.019932e+02
-7.642803e-05 7.367796e+02 2.953807e+02 8.156342e+02
-7.605784e-05 7.412925e+02 2.971900e+02 8.206301e+02
-7.746841e-05 8.019426e+02 3.215051e+02 8.877713e+02
-7.915196e-05 8.147718e+02 3.266484e+02 9.019736e+02
-8.128841e-05 7.651778e+02 3.067658e+02 8.470718e+02
-8.371855e-05 7.716622e+02 3.093654e+02 8.542501e+02
-8.605824e-05 7.541404e+02 3.023408e+02 8.348531e+02
-8.762620e-05 7.246955e+02 2.905361e+02 8.022568e+02
-8.823124e-05 7.072941e+02 2.835598e+02 7.829930e+02
-8.839235e-05 6.926509e+02 2.776892e+02 7.667826e+02
-8.796032e-05 7.028862e+02 2.817926e+02 7.781134e+02
-8.689800e-05 7.383360e+02 2.960047e+02 8.173572e+02
-8.573270e-05 7.568159e+02 3.034134e+02 8.378149e+02
-8.526251e-05 7.266866e+02 2.913343e+02 8.044610e+02
-8.559270e-05 7.541965e+02 3.023633e+02 8.349152e+02
-8.663540e-05 7.241960e+02 2.903359e+02 8.017039e+02
-8.804481e-05 7.398004e+02 2.965918e+02 8.189783e+02
-8.951757e-05 7.454190e+02 2.988443e+02 8.251983e+02
-9.223300e-05 7.613928e+02 3.052483e+02 8.428816e+02
-9.495715e-05 7.624430e+02 3.056694e+02 8.440442e+02
-9.627858e-05 7.289334e+02 2.922351e+02 8.069483e+02
-9.623933e-05 7.608296e+02 3.050226e+02 8.422582e+02
-9.495435e-05 7.879842e+02 3.159090e+02 8.723190e+02
-9.443934e-05 7.650532e+02 3.067158e+02 8.469338e+02
-9.526295e-05 7.488710e+02 3.002283e+02 8.290198e+02
-9.580194e-05 7.320907e+02 2.935009e+02 8.104435e+02
-9.524625e-05 7.313661e+02 2.932104e+02 8.096414e+02
-9.370888e-05 7.632602e+02 3.059970e+02 8.449489e+02
-9.076976e-05 8.284204e+02 3.321202e+02 9.170829e+02
-8.808325e-05 8.542653e+02 3.424817e+02 9.456940e+02
-8.499791e-05 8.256457e+02 3.310078e+02 9.140112e+02
-8.130228e-05 8.007715e+02 3.210356e+02 8.864749e+02
-7.817338e-05 7.819822e+02 3.135028e+02 8.656747e+02
-7.508969e-05 7.602604e+02 3.047944e+02 8.416281e+02
-7.286846e-05 7.566675e+02 3.033539e+02 8.376506e+02
-7.210504e-05 7.884486e+02 3.160952e+02 8.728331e+02
-7.198682e-05 8.219165e+02 3.295128e+02 9.098830e+02
-7.262458e-05 7.866678e+02 3.153813e+02 8.708618e+02
-7.394981e-05 8.196049e+02 3.285861e+02 9.073240e+02
-7.533837e-05 8.240286e+02 3.303595e+02 9.122211e+02
-7.652785e-05 8.120321e+02 3.255501e+02 8.989407e+02
-7.717789e-05 8.115849e+02 3.253707e+02 8.984456e+02
-7.831953e-05 8.252742e+02 3.308589e+02 9.136000e+02
-8.015649e-05 7.986592e+02 3.201887e+02 8.841365e+02
-8.084005e-05 7.819018e+02 3.134706e+02 8.655857e+02
-8.103333e-05 7.608050e+02 3.050127e+02 8.422309e+02
-8.133903e-05 7.393382e+02 2.964065e+02 8.184667e+02
-8.113853e-05 7.566178e+02 3.033340e+02 8.375956e+02
-8.142465e-05 7.509855e+02 3.010760e+02 8.313605e+02
-8.215276e-05 7.557638e+02 3.029916e+02 8.366502e+02
-8.297568e-05 7.509630e+02 3.010670e+02 8.313356e+02
-8.363720e-05 7.669446e+02 3.074741e+02 8.490276e+02
-8.432230e-05 7.856471e+02 3.149721e+02 8.697318e+02
-8.544339e-05 7.697422e+02 3.085957e+02 8.521247e+02
-8.597347e-05 7.258174e+02 2.909859e+02 8.034988e+02
-8.547552e-05 7.162719e+02 2.871590e+02 7.929317e+02
-8.467186e-05 7.117830e+02 2.853594e+02 7.879623e+02
-8.433699e-05 6.982576e+02 2.799369e+02 7.729893e+02
-8.454882e-05 7.531124e+02 3.019287e+02 8.337150e+02
-8.404439e-05 7.609413e+02 3.050673e+02 8.423818e+02
-8.192078e-05 7.700560e+02 3.087215e+02 8.524721e+02
-7.976007e-05 7.541376e+02 3.023397e+02 8.348499e+02
-7.858359e-05 7.885801e+02 3.161480e+02 8.729787e+02
-7.751108e-05 8.089535e+02 3.243158e+02 8.955326e+02
-7.648924e-05 7.773185e+02 3.116331e+02 8.605118e+02
-7.608775e-05 8.059475e+02 3.231107e+02 8.922048e+02
-7.644866e-05 8.132434e+02 3.260357e+02 9.002816e+02
-7.696316e-05 8.135072e+02 3.261414e+02 9.005737e+02
-7.778680e-05 7.685064e+02 3.081003e+02 8.507566e+02
-7.888466e-05 7.636145e+02 3.061390e+02 8.453411e+02
-7.968573e-05 7.883530e+02 3.160569e+02 8.727273e+02
-8.084582e-05 7.797470e+02 3.126067e+02 8.632002e+02
-8.135334e-05 7.631469e+02 3.059516e+02 8.448235e+02
-8.084097e-05 7.861223e+02 3.151626e+02 8.702579e+02
-8.224245e-05 8.173012e+02 3.276625e+02 9.047737e+02
-8.587970e-05 7.950130e+02 3.187269e+02 8.801001e+02
-9.195923e-05 7.471903e+02 2.995545e+02 8.271591e+02
-9.880490e-05 7.773709e+02 3.116541e+02 8.605699e+02
-1.035486e-04 8.141174e+02 3.263861e+02 9.012492e+02
-1.068722e-04 8.247374e+02 3.306437e+02 9.130057e+02
-1.092519e-04 7.991981e+02 3.204048e+02 8.847331e+02
-1.116217e-04 7.995601e+02 3.205499e+02 8.851338e+02
-1.138013e-04 7.759833e+02 3.110978e+02 8.590337e+02
-1.165898e-04 7.695375e+02 3.085136e+02 8.518980e+02
-1.203005e-04 7.579683e+02 3.038754e+02 8.390907e+02
-1.244303e-04 7.652104e+02 3.067789e+02 8.471078e+02
-1.289393e-04 7.644332e+02 3.064673e+02 8.462475e+02
-1.328587e-04 7.428892e+02 2.978301e+02 8.223977e+02
-1.352320e-04 7.748067e+02 3.106261e+02 8.577312e+02
-1.367676e-04 7.381609e+02 2.959345e+02 8.171634e+02
-1.394298e-04 7.450511e+02 2.986968e+02 8.247910e+02
-1.433596e-04 8.246485e+02 3.306081e+02 9.129074e+02
-1.456496e-04 8.688938e+02 3.483463e+02 9.618881e+02
-1.487000e-04 8.393465e+02 3.365006e+02 9.291785e+02
-1.514003e-04 8.280075e+02 3.319547e+02 9.166259e+02
-1.539983e-04 8.394364e+02 3.365366e+02 9.292779e+02
-1.633743e-04 7.914742e+02 3.173082e+02 8.761825e+02
-1.756644e-04 7.938170e+02 3.182475e+02 8.787761e+02
-1.908847e-04 8.076268e+02 3.237839e+02 8.940639e+02
-2.129740e-04 8.304413e+02 3.329305e+02 9.193202e+02
-2.449286e-04 8.215710e+02 3.293743e+02 9.095005e+02
-2.895020e-04 7.941470e+02 3.183798e+02 8.791414e+02
-3.347995e-04 7.558699e+02 3.030342e+02 8.367677e+02
-3.713310e-04 8.040675e+02 3.223570e+02 8.901236e+02
-3.941834e-04 7.848790e+02 3.146641e+02 8.688815e+02
-4.242602e-04 7.510772e+02 3.011127e+02 8.314620e+02
-4.636149e-04 7.570701e+02 3.035154e+02 8.380964e+02
-5.033212e-04 7.704781e+02 3.088907e+02 8.529393e+02
-5.709516e-04 7.373268e+02 2.956001e+02 8.162400e+02
-6.913950e-04 7.455280e+02 2.988880e+02 8.253189e+02
-8.039560e-04 7.833233e+02 3.140404e+02 8.671593e+02
-8.365200e-04 7.800321e+02 3.127210e+02 8.635159e+02
-8.464557e-04 7.602400e+02 3.047862e+02 8.416055e+02
-8.390464e-04 7.636048e+02 3.061352e+02 8.453304e+02
-8.313670e-04 7.395944e+02 2.965092e+02 8.187502e+02
-8.603010e-04 7.841129e+02 3.143570e+02 8.680334e+02
-8.939830e-04 7.711717e+02 3.091688e+02 8.537072e+02
-9.581746e-04 7.512249e+02 3.011719e+02 8.316255e+02
-1.102899e-03 7.717606e+02 3.094049e+02 8.543591e+02
-1.280403e-03 7.447263e+02 2.985666e+02 8.244314e+02
-1.502944e-03 7.303114e+02 2.927876e+02 8.084737e+02
-1.770000e-03 7.427540e+02 2.977759e+02 8.222480e+02
-1.953757e-03 7.730788e+02 3.099333e+02 8.558183e+02
-2.125983e-03 7.415222e+02 2.972821e+02 8.208844e+02
-2.322086e-03 7.674346e+02 3.076706e+02 8.495701e+02
-2.414614e-03 7.965582e+02 3.193465e+02 8.818107e+02
-2.529014e-03 7.911133e+02 3.171635e+02 8.757830e+02
-2.653366e-03 7.575826e+02 3.037208e+02 8.386637e+02
-2.692667e-03 7.692115e+02 3.083829e+02 8.515372e+02
-2.686589e-03 8.079650e+02 3.239195e+02 8.944383e+02
-2.532932e-03 7.710040e+02 3.091016e+02 8.535215e+02
-2.371196e-03 7.620510e+02 3.055122e+02 8.436103e+02
-2.372318e-03 7.777686e+02 3.118135e+02 8.610100e+02
-2.487625e-03 7.536277e+02 3.021353e+02 8.342855e+02
-2.607704e-03 7.540614e+02 3.023091e+02 8.347656e+02
-2.669818e-03 7.511634e+02 3.011473e+02 8.315574e+02
-2.665238e-03 7.585625e+02 3.041137e+02 8.397485e+02
-2.476699e-03 7.460844e+02 2.991111e+02 8.259348e+02
-2.309646e-03 7.395676e+02 2.964984e+02 8.187206e+02
-2.253854e-03 7.188091e+02 2.881762e+02 7.957404e+02
-2.115337e-03 7.479361e+02 2.998535e+02 8.279848e+02
-2.106019e-03 7.676695e+02 3.077647e+02 8.498301e+02
-2.282425e-03 7.932096e+02 3.180039e+02 8.781037e+02
-2.493325e-03 7.528315e+02 3.018161e+02 8.334041e+02
-2.713697e-03 7.380647e+02 2.958959e+02 8.170569e+02
-2.731934e-03 8.006746e+02 3.209967e+02 8.863676e+02
-2.629815e-03 8.051984e+02 3.228104e+02 8.913756e+02
-2.596774e-03 7.967987e+02 3.194429e+02 8.820770e+02
-2.379843e-03 7.742905e+02 3.104191e+02 8.571597e+02
-2.175766e-03 7.548336e+02 3.026187e+02 8.356204e+02
-1.973743e-03 7.771757e+02 3.115758e+02 8.603537e+02
-1.733578e-03 7.504699e+02 3.008693e+02 8.307897e+02
-1.574012e-03 7.382410e+02 2.959666e+02 8.172520e+02
-1.412738e-03 7.217848e+02 2.893692e+02 7.990346e+02
-1.251318e-03 7.070857e+02 2.834762e+02 7.827623e+02
-1.071521e-03 6.862970e+02 2.751419e+02 7.597487e+02
-9.231117e-04 7.039991e+02 2.822388e+02 7.793454e+02
-8.171343e-04 7.104589e+02 2.848285e+02 7.864965e+02
-7.058292e-04 7.434864e+02 2.980695e+02 8.230588e+02
-5.795046e-04 7.358622e+02 2.950129e+02 8.146186e+02
-4.850509e-04 7.475028e+02 2.996797e+02 8.275050e+02
-4.299263e-04 7.261150e+02 2.911052e+02 8.038282e+02
-3.910776e-04 6.993961e+02 2.803934e+02 7.742497e+02
-3.578500e-04 7.194193e+02 2.884208e+02 7.964159e+02
-3.270921e-04 7.011158e+02 2.810828e+02 7.761535e+02
-2.926332e-04 7.424110e+02 2.976384e+02 8.218683e+02
-2.598051e-04 7.367560e+02 2.953713e+02 8.156081e+02
-2.444770e-04 7.746931e+02 3.105806e+02 8.576055e+02
-2.378812e-04 7.536489e+02 3.021438e+02 8.343090e+02
-2.353543e-04 7.710630e+02 3.091252e+02 8.535868e+02
-2.423878e-04 7.886410e+02 3.161724e+02 8.730462e+02
-2.552363e-04 7.671314e+02 3.075490e+02 8.492345e+02
-2.675452e-04 7.554770e+02 3.028767e+02 8.363327e+02
-2.737842e-04 7.405667e+02 2.968990e+02 8.198266e+02
-2.736005e-04 7.232113e+02 2.899411e+02 8.006138e+02
-2.779767e-04 6.987950e+02 2.801524e+02 7.735843e+02
-2.931467e-04 7.129266e+02 2.858179e+02 7.892284e+02
-3.114350e-04 6.980644e+02 2.798595e+02 7.727755e+02
-3.313384e-04 7.146294e+02 2.865005e+02 7.911133e+02
-3.566112e-04 7.445507e+02 2.984962e+02 8.242370e+02
-3.910783e-04 7.403174e+02 2.967991e+02 8.195507e+02
-4.281179e-04 7.472242e+02 2.995681e+02 8.271967e+02
-4.511321e-04 7.390927e+02 2.963081e+02 8.181948e+02
-4.820209e-04 6.741834e+02 2.702854e+02 7.463386e+02
-5.402431e-04 6.530896e+02 2.618287e+02 7.229872e+02
-6.065752e-04 6.897462e+02 2.765247e+02 7.635670e+02
-6.886935e-04 7.321252e+02 2.935147e+02 8.104817e+02
-8.069068e-04 7.252059e+02 2.907407e+02 8.028218e+02
-9.659975e-04 7.079480e+02 2.838219e+02 7.837169e+02
-1.239715e-03 7.262337e+02 2.911528e+02 8.039597e+02
-1.689047e-03 7.260189e+02 2.910667e+02 8.037218e+02
-2.283463e-03 7.524970e+02 3.016820e+02 8.330338e+02
-3.078306e-03 7.283576e+02 2.920043e+02 8.063108e+02
-4.277492e-03 7.230345e+02 2.898702e+02 8.004180e+02
-6.075871e-03 7.323649e+02 2.936108e+02 8.107470e+02
-8.282103e-03 7.344890e+02 2.944624e+02 8.130985e+02
-1.007882e-02 7.318388e+02 2.933999e+02 8.101646e+02
-1.093712e-02 7.621129e+02 3.055371e+02 8.436789e+02
-1.128768e-02 7.418300e+02 2.974055e+02 8.212251e+02
-1.117703e-02 7.883525e+02 3.160567e+02 8.727268e+02
-1.010577e-02 7.576068e+02 3.037305e+02 8.386904e+02
-8.549286e-03 7.709390e+02 3.090755e+02 8.534495e+02
-7.149903e-03 7.797488e+02 3.126074e+02 8.632022e+02
-6.072700e-03 7.916404e+02 3.173748e+02 8.763665e+02
-5.462973e-03 7.755360e+02 3.109185e+02 8.585386e+02
-5.041873e-03 7.376691e+02 2.957373e+02 8.166189e+02
-4.311917e-03 7.030274e+02 2.818492e+02 7.782696e+02
-3.668591e-03 6.973337e+02 2.795665e+02 7.719665e+02
-3.222222e-03 7.331222e+02 2.939144e+02 8.115853e+02
-2.815593e-03 7.611320e+02 3.051438e+02 8.425929e+02
-2.467533e-03 7.562606e+02 3.031908e+02 8.372001e+02
-2.183331e-03 7.547534e+02 3.025866e+02 8.355317e+02
-1.911379e-03 7.518990e+02 3.014422e+02 8.323717e+02
-1.639869e-03 7.004503e+02 2.808160e+02 7.754167e+02
-1.421843e-03 6.897188e+02 2.765137e+02 7.635367e+02
-1.267955e-03 6.964433e+02 2.792096e+02 7.709809e+02
-1.214270e-03 6.666323e+02 2.672581e+02 7.379793e+02
-1.194848e-03 7.280283e+02 2.918722e+02 8.059462e+02
-1.161451e-03 7.468978e+02 2.994372e+02 8.268354e+02
-1.159940e-03 6.972391e+02 2.795286e+02 7.718618e+02
-1.203969e-03 7.041137e+02 2.822847e+02 7.794722e+02
-1.360900e-03 7.507867e+02 3.009963e+02 8.311405e+02
-1.623634e-03 7.458023e+02 2.989980e+02 8.256226e+02
-1.895222e-03 7.073124e+02 2.835671e+02 7.830133e+02
-2.290983e-03 7.359355e+02 2.950423e+02 8.146998e+02
-2.740562e-03 7.971626e+02 3.195888e+02 8.824798e+02
-3.250586e-03 7.754841e+02 3.108977e+02 8.584811e+02
-4.129481e-03 7.981807e+02 3.199969e+02 8.836068e+02
-5.384661e-03 7.820739e+02 3.135396e+02 8.657762e+02
-7.120746e-03 7.572174e+02 3.035744e+02 8.382593e+02
-9.679588e-03 7.586393e+02 3.041445e+02 8.398335e+02
-1.357426e-02 7.498659e+02 3.006271e+02 8.301211e+02
-1.875601e-02 7.366920e+02 2.953456e+02 8.155372e+02
-2.487591e-02 7.037926e+02 2.821560e+02 7.791167e+02
-3.418528e-02 6.932445e+02 2.779271e+02 7.674397e+02
-4.912257e-02 7.225363e+02 2.896705e+02 7.998665e+02
-6.293037e-02 7.294299e+02 2.924342e+02 8.074979e+02
-7.515584e-02 7.731755e+02 3.099721e+02 8.559254e+02
-9.539206e-02 7.645665e+02 3.065207e+02 8.463951e+02
-1.140074e-01 7.293982e+02 2.924215e+02 8.074629e+02
-1.239335e-01 7.239133e+02 2.902225e+02 8.013909e+02
-1.201379e-01 7.187351e+02 2.881465e+02 7.956585e+02
-1.194194e-01 7.092726e+02 2.843530e+02 7.851833e+02
-1.317947e-01 7.034967e+02 2.820373e+02 7.787892e+02
-1.479952e-01 7.005899e+02 2.808720e+02 7.755713e+02
-1.883255e-01 6.722835e+02 2.695237e+02 7.442354e+02
-2.481234e-01 6.723330e+02 2.695436e+02 7.442901e+02
-3.110012e-01 7.004862e+02 2.808304e+02 7.754564e+02
-3.527936e-01 6.772245e+02 2.715046e+02 7.497051e+02
-3.593085e-01 6.784192e+02 2.719836e+02 7.510277e+02
-3.751063e-01 7.187008e+02 2.881328e+02 7.956205e+02
-3.531817e-01 7.310924e+02 2.931007e+02 8.093383e+02
-2.625131e-01 7.227985e+02 2.897756e+02 8.001568e+02
-1.630985e-01 6.979764e+02 2.798242e+02 7.726781e+02
-8.052544e-02 7.079779e+02 2.838339e+02 7.837499e+02
-3.809008e-02 7.091509e+02 2.843042e+02 7.850486e+02
-1.901787e-02 7.182022e+02 2.879329e+02 7.950685e+02
-9.906274e-03 6.701867e+02 2.686831e+02 7.419142e+02
-5.922704e-03 6.851019e+02 2.746627e+02 7.584256e+02
-4.012611e-03 6.605980e+02 2.648389e+02 7.312992e+02
-2.930333e-03 6.506272e+02 2.608416e+02 7.202613e+02
-2.392781e-03 6.826882e+02 2.736950e+02 7.557536e+02
-2.078119e-03 6.611338e+02 2.650537e+02 7.318923e+02
-1.879505e-03 6.646066e+02 2.664460e+02 7.357368e+02
-1.770171e-03 6.659415e+02 2.669812e+02 7.372146e+02
-1.653450e-03 6.929452e+02 2.778072e+02 7.671084e+02
-1.546363e-03 6.726681e+02 2.696779e+02 7.446611e+02
-1.475275e-03 6.781117e+02 2.718603e+02 7.506873e+02
-1.404188e-03 6.982997e+02 2.799538e+02 7.730359e+02
-1.282639e-03 7.162881e+02 2.871655e+02 7.929496e+02
-1.175106e-03 7.153671e+02 2.867963e+02 7.919300e+02
-1.156453e-03 7.376148e+02 2.957156e+02 8.165588e+02
-1.179361e-03 7.474135e+02 2.996440e+02 8.274063e+02
-1.215878e-03 7.234203e+02 2.900249e+02 8.008451e+02
-1.253208e-03 6.843432e+02 2.743586e+02 7.575857e+02
-1.287142e-03 6.537561e+02 2.620959e+02 7.237250e+02
-1.276938e-03 6.669828e+02 2.673986e+02 7.383673e+02
-1.223703e-03 7.152904e+02 2.867655e+02 7.918451e+02
-1.182462e-03 7.235014e+02 2.900574e+02 8.009349e+02
-1.148701e-03 7.741609e+02 3.103672e+02 8.570163e+02
-1.111227e-03 7.391546e+02 2.963329e+02 8.182634e+02
-1.079218e-03 7.596220e+02 3.045384e+02 8.409214e+02
-1.083054e-03 7.328016e+02 2.937859e+02 8.112304e+02
-1.133051e-03 7.491836e+02 3.003536e+02 8.293658e+02
-1.186785e-03 7.121525e+02 2.855075e+02 7.883714e+02
-1.226734e-03 7.149843e+02 2.866428e+02 7.915063e+02
-1.383786e-03 7.287145e+02 2.921474e+02 8.067059e+02
-1.694144e-03 7.241074e+02 2.903003e+02 8.016057e+02
-1.943771e-03 7.167266e+02 2.873413e+02 7.934350e+02
-2.201110e-03 7.381699e+02 2.959381e+02 8.171733e+02
-2.713675e-03 6.859382e+02 2.749980e+02 7.593514e+02
-3.282189e-03 6.721605e+02 2.694744e+02 7.440992e+02
-3.541023e-03 6.239021e+02 2.501272e+02 6.906758e+02
-3.586464e-03 6.701025e+02 2.686493e+02 7.418209e+02
-3.419803e-03 7.140174e+02 2.862552e+02 7.904358e+02
-2.978239e-03 6.759837e+02 2.710072e+02 7.483316e+02
-2.420053e-03 6.582494e+02 2.638974e+02 7.286993e+02
-1.888328e-03 6.774644e+02 2.716008e+02 7.499707e+02
-1.514807e-03 7.148237e+02 2.865784e+02 7.913284e+02
-1.238177e-03 7.257126e+02 2.909439e+02 8.033828e+02
-1.013990e-03 7.600504e+02 3.047102e+02 8.413956e+02
-8.367976e-04 7.484511e+02 3.000599e+02 8.285549e+02
-7.279083e-04 7.725104e+02 3.097055e+02 8.551891e+02
-6.728314e-04 7.389693e+02 2.962586e+02 8.180583e+02
-6.387360e-04 7.061550e+02 2.831031e+02 7.817320e+02
-6.318886e-04 7.048920e+02 2.825967e+02 7.803338e+02
-6.524971e-04 6.712318e+02 2.691021e+02 7.430711e+02
-6.775704e-04 7.365710e+02 2.952971e+02 8.154032e+02
-6.917621e-04 7.476739e+02 2.997483e+02 8.276945e+02
-6.884068e-04 7.207928e+02 2.889715e+02 7.979363e+02
-6.693115e-04 7.189216e+02 2.882213e+02 7.958650e+02
-6.534771e-04 7.262337e+02 2.911528e+02 8.039596e+02
-6.409243e-04 7.259851e+02 2.910531e+02 8.036844e+02
-6.322277e-04 7.516738e+02 3.013519e+02 8.321225e+02
-6.305634e-04 7.817947e+02 3.134276e+02 8.654671e+02
-6.438931e-04 7.784460e+02 3.120851e+02 8.617600e+02
-6.735206e-04 7.820680e+02 3.135372e+02 8.657696e+02
-7.074942e-04 7.815222e+02 3.133184e+02 8.651654e+02
-7.535798e-04 7.566934e+02 3.033643e+02 8.376792e+02
-8.195619e-04 7.331907e+02 2.939419e+02 8.116612e+02
-8.710943e-04 7.771186e+02 3.115529e+02 8.602905e+02
-8.803126e-04 7.472425e+02 2.995754e+02 8.272169e+02
-8.234108e-04 7.278229e+02 2.917899e+02 8.057190e+02
-7.157769e-04 6.957450e+02 2.789296e+02 7.702079e+02
-6.228123e-04 6.663804e+02 2.671572e+02 7.377005e+02
-5.498911e-04 7.183679e+02 2.879993e+02 7.952519e+02
-4.822571e-04 7.321712e+02 2.935332e+02 8.105325e+02
-4.158565e-04 7.756436e+02 3.109616e+02 8.586577e+02
-3.672914e-04 7.629385e+02 3.058680e+02 8.445928e+02
-3.408247e-04 7.847431e+02 3.146097e+02 8.687311e+02
-3.214333e-04 8.118289e+02 3.254686e+02 8.987157e+02
-3.129212e-04 8.098636e+02 3.246807e+02 8.965401e+02
-3.175693e-04 7.712485e+02 3.091996e+02 8.537922e+02
-3.268854e-04 7.136129e+02 2.860930e+02 7.899881e+02
-3.366585e-04 6.992703e+02 2.803430e+02 7.741104e+02
-3.392012e-04 7.104594e+02 2.848288e+02 7.864971e+02
-3.324925e-04 7.531823e+02 3.019567e+02 8.337924e+02
-3.224245e-04 7.816764e+02 3.133802e+02 8.653361e+02
-3.133701e-04 7.779408e+02 3.118826e+02 8.612007e+02
-3.041392e-04 7.214391e+02 2.892306e+02 7.986518e+02
-2.986661e-04 7.475759e+02 2.997091e+02 8.275860e+02
-2.974508e-04 7.883364e+02 3.160502e+02 8.727089e+02
-2.940039e-04 7.899100e+02 3.166811e+02 8.744509e+02
-2.899544e-04 8.207107e+02 3.290293e+02 9.085481e+02
-2.920458e-04 7.730513e+02 3.099223e+02 8.557879e+02
-3.002761e-04 7.707812e+02 3.090122e+02 8.532748e+02
-3.051989e-04 7.477357e+02 2.997731e+02 8.277629e+02
-2.984441e-04 7.920821e+02 3.175519e+02 8.768555e+02
-2.898436e-04 8.017899e+02 3.214439e+02 8.876024e+02
-2.938559e-04 8.224051e+02 3.297087e+02 9.104239e+02
-3.052991e-04 8.089076e+02 3.242974e+02 8.954818e+02
-3.101686e-04 7.733379e+02 3.100372e+02 8.561052e+02
-3.086961e-04 7.803206e+02 3.128366e+02 8.638352e+02
-3.006286e-04 7.748647e+02 3.106493e+02 8.577954e+02
-2.884972e-04 7.745398e+02 3.105191e+02 8.574358e+02
-2.814539e-04 7.772906e+02 3.116219e+02 8.604809e+02
-2.860656e-04 7.990473e+02 3.203443e+02 8.845662e+02
-3.000643e-04 8.016834e+02 3.214011e+02 8.874844e+02
-3.224260e-04 7.940613e+02 3.183454e+02 8.790466e+02
-3.475239e-04 7.833806e+02 3.140634e+02 8.672227e+02
-3.735094e-04 7.728194e+02 3.098294e+02 8.555312e+02
-4.183222e-04 7.857039e+02 3.149948e+02 8.697946e+02
-4.897716e-04 7.364111e+02 2.952330e+02 8.152263e+02
-5.497250e-04 7.419465e+02 2.974522e+02 8.213541e+02
-5.983072e-04 7.597948e+02 3.046077e+02 8.411126e+02
-6.603923e-04 7.721235e+02 3.095504e+02 8.547608e+02
-7.067075e-04 7.494718e+02 3.004691e+02 8.296848e+02
-7.650260e-04 8.029432e+02 3.219062e+02 8.888791e+02
-8.517741e-04 7.807489e+02 3.130083e+02 8.643093e+02
-9.113692e-04 7.720563e+02 3.095234e+02 8.546865e+02
-9.683020e-04 7.631929e+02 3.059700e+02 8.448744e+02
-1.046527e-03 7.600630e+02 3.047152e+02 8.414095e+02
-1.210315e-03 7.958603e+02 3.190666e+02 8.810381e+02
-1.486211e-03 8.136990e+02 3.262183e+02 9.007860e+02
-1.794159e-03 8.244760e+02 3.305389e+02 9.127164e+02
-2.355892e-03 8.551357e+02 3.428306e+02 9.466575e+02
-3.153502e-03 8.478584e+02 3.399131e+02 9.386013e+02
-3.875744e-03 8.006949e+02 3.210049e+02 8.863901e+02
-4.504296e-03 8.076315e+02 3.237858e+02 8.940691e+02
-5.022354e-03 7.339934e+02 2.942637e+02 8.125498e+02
-5.547969e-03 7.515977e+02 3.013214e+02 8.320382e+02
-6.291740e-03 7.779983e+02 3.119056e+02 8.612644e+02
-7.184650e-03 7.578997e+02 3.038480e+02 8.390147e+02
-7.855630e-03 7.380880e+02 2.959053e+02 8.170826e+02
-8.202628e-03 7.504599e+02 3.008653e+02 8.307787e+02
-7.788057e-03 7.352806e+02 2.947798e+02 8.139748e+02
-7.344856e-03 7.754298e+02 3.108759e+02 8.584210e+02
-6.607076e-03 7.795137e+02 3.125132e+02 8.629420e+02
-5.170794e-03 7.626959e+02 3.057708e+02 8.443243e+02
-3.862690e-03 7.304114e+02 2.928277e+02 8.085844e+02
-2.872352e-03 7.133545e+02 2.859894e+02 7.897020e+02
-2.186125e-03 6.575833e+02 2.636303e+02 7.279619e+02
-1.733882e-03 6.697966e+02 2.685267e+02 7.414823e+02
-1.428599e-03 6.901090e+02 2.766701e+02 7.639687e+02
-1.169491e-03 7.108036e+02 2.849667e+02 7.868781e+02
-9.542782e-04 6.841682e+02 2.742884e+02 7.573920e+02
-8.321636e-04 7.022938e+02 2.815551e+02 7.774575e+02
-7.504448e-04 7.270105e+02 2.914642e+02 8.048195e+02
-6.752066e-04 7.325150e+02 2.936710e+02 8.109132e+02
-6.148057e-04 7.691654e+02 3.083644e+02 8.514861e+02
-5.564681e-04 7.884656e+02 3.161021e+02 8.728520e+02
-5.043646e-04 8.206904e+02 3.290212e+02 9.085256e+02
-4.414603e-04 8.002495e+02 3.208263e+02 8.858971e+02
-3.555419e-04 8.100172e+02 3.247423e+02 8.967101e+02
-2.748858e-04 7.785350e+02 3.121208e+02 8.618585e+02
-2.167691e-04 7.211558e+02 2.891170e+02 7.983382e+02
-1.806934e-04 7.739191e+02 3.102702e+02 8.567486e+02
-1.533920e-04 7.887623e+02 3.162210e+02 8.731804e+02
-1.309599e-04 7.440170e+02 2.982822e+02 8.236462e+02
-1.145342e-04 7.880527e+02 3.159365e+02 8.723949e+02
-1.036292e-04 7.711329e+02 3.091532e+02 8.536642e+02
-9.457934e-05 7.597798e+02 3.046017e+02 8.410960e+02
-8.617423e-05 7.579877e+02 3.038832e+02 8.391121e+02
-8.001654e-05 7.705818e+02 3.089323e+02 8.530541e+02
-7.510454e-05 7.596539e+02 3.045512e+02 8.409567e+02
-7.032731e-05 7.367508e+02 2.953692e+02 8.156024e+02
-6.516211e-05 7.258384e+02 2.909943e+02 8.035220e+02
-6.076220e-05 7.626169e+02 3.057391e+02 8.442368e+02
-5.788937e-05 7.569843e+02 3.034809e+02 8.380013e+02
-5.593014e-05 7.068619e+02 2.833865e+02 7.825146e+02
-5.400136e-05 7.368866e+02 2.954236e+02 8.157526e+02
-5.197919e-05 7.437008e+02 2.981555e+02 8.232962e+02
-4.980610e-05 7.448378e+02 2.986113e+02 8.245548e+02
-4.748287e-05 7.711194e+02 3.091478e+02 8.536493e+02
-4.572297e-05 7.811241e+02 3.131588e+02 8.647248e+02
-4.480819e-05 8.172426e+02 3.276390e+02 9.047089e+02
-4.470869e-05 7.810292e+02 3.131208e+02 8.646197e+02
-4.539289e-05 7.812175e+02 3.131962e+02 8.648281e+02
-4.633106e-05 8.381342e+02 3.360146e+02 9.278364e+02
-4.737547e-05 8.175719e+02 3.277710e+02 9.050734e+02
-4.859456e-05 7.960609e+02 3.191471e+02 8.812602e+02
-5.011559e-05 7.644510e+02 3.064744e+02 8.462672e+02
-5.234867e-05 8.221469e+02 3.296051e+02 9.101380e+02
-5.515610e-05 7.985130e+02 3.201301e+02 8.839746e+02
-5.837251e-05 8.092547e+02 3.244366e+02 8.958661e+02
-6.196734e-05 7.485671e+02 3.001064e+02 8.286833e+02
-6.590597e-05 7.781971e+02 3.119853e+02 8.614844e+02
-6.994315e-05 7.568291e+02 3.034187e+02 8.378295e+02
-7.415423e-05 7.747514e+02 3.106039e+02 8.576700e+02
-7.875499e-05 7.965476e+02 3.193422e+02 8.817990e+02
-8.454425e-05 7.943467e+02 3.184598e+02 8.793625e+02
-9.098379e-05 8.148398e+02 3.266757e+02 9.020489e+02
-9.629274e-05 7.861444e+02 3.151714e+02 8.702823e+02
-1.009208e-04 7.674870e+02 3.076916e+02 8.496281e+02
-1.042207e-04 7.825551e+02 3.137325e+02 8.663088e+02
-1.054985e-04 7.700403e+02 3.087152e+02 8.524547e+02
-1.059961e-04 7.409270e+02 2.970434e+02 8.202254e+02
-1.065895e-04 7.476345e+02 2.997325e+02 8.276508e+02
-1.057211e-04 7.793704e+02 3.124557e+02 8.627833e+02
-1.057714e-04 8.535292e+02 3.421865e+02 9.448790e+02
-1.077259e-04 8.397644e+02 3.366681e+02 9.296411e+02
-1.088246e-04 8.627181e+02 3.458704e+02 9.550514e+02
-1.093610e-04 8.756104e+02 3.510391e+02 9.693236e+02
-1.119458e-04 8.265843e+02 3.313841e+02 9.150503e+02
-1.175461e-04 7.949765e+02 3.187123e+02 8.800596e+02
-1.218084e-04 7.520118e+02 3.014875e+02 8.324967e+02
-1.223363e-04 7.172362e+02 2.875456e+02 7.939991e+02
-1.226370e-04 7.184896e+02 2.880481e+02 7.953867e+02
-1.230233e-04 6.944808e+02 2.784228e+02 7.688084e+02
-1.228020e-04 7.187392e+02 2.881482e+02 7.956631e+02
-1.234117e-04 7.434202e+02 2.980430e+02 8.229855e+02
-1.252098e-04 7.367669e+02 2.953756e+02 8.156202e+02
-1.271127e-04 7.542893e+02 3.024005e+02 8.350179e+02
-1.289965e-04 7.146980e+02 2.865280e+02 7.911893e+02
-1.320429e-04 7.043408e+02 2.823758e+02 7.797236e+02
-1.363908e-04 6.855670e+02 2.748492e+02 7.589405e+02
-1.405118e-04 7.187627e+02 2.881576e+02 7.956890e+02
-1.439927e-04 7.559691e+02 3.030739e+02 8.368774e+02
-1.493730e-04 7.944358e+02 3.184955e+02 8.794611e+02
-1.573631e-04 7.984689e+02 3.201125e+02 8.839259e+02
-1.675006e-04 8.340384e+02 3.343725e+02 9.233022e+02
-1.802750e-04 8.044153e+02 3.224964e+02 8.905086e+02
-1.949901e-04 7.871869e+02 3.155894e+02 8.714364e+02
-2.075602e-04 7.719983e+02 3.095002e+02 8.546223e+02
-2.157192e-04 7.808909e+02 3.130653e+02 8.644665e+02
-2.231095e-04 7.396746e+02 2.965413e+02 8.188390e+02
-2.275432e-04 7.850790e+02 3.147444e+02 8.691029e+02
-2.293032e-04 7.489340e+02 3.002535e+02 8.290894e+02
-2.338655e-04 7.454166e+02 2.988434e+02 8.251956e+02
-2.440054e-04 7.156389e+02 2.869053e+02 7.922309e+02
-2.630653e-04 7.238799e+02 2.902091e+02 8.013539e+02
-2.900814e-04 6.992613e+02 2.803393e+02 7.741005e+02
-3.216383e-04 7.605334e+02 3.049038e+02 8.419303e+02
-3.449216e-04 7.632852e+02 3.060070e+02 8.449766e+02
-3.596545e-04 7.462048e+02 2.991594e+02 8.260681e+02
-3.714357e-04 7.414105e+02 2.972373e+02 8.207607e+02
-3.754304e-04 7.520354e+02 3.014969e+02 8.325228e+02
-3.702281e-04 7.706529e+02 3.089608e+02 8.531328e+02
-3.587327e-04 7.725698e+02 3.097293e+02 8.552549e+02
-3.568203e-04 7.484076e+02 3.000425e+02 8.285067e+02
-3.643871e-04 7.905709e+02 3.169461e+02 8.751826e+02
-3.553052e-04 7.671589e+02 3.075600e+02 8.492649e+02
-3.267031e-04 7.945040e+02 3.185229e+02 8.795366e+02
-3.014065e-04 7.832512e+02 3.140116e+02 8.670795e+02
-2.868714e-04 7.407931e+02 2.969898e+02 8.200772e+02
-2.826613e-04 8.000917e+02 3.207630e+02 8.857223e+02
-2.926582e-04 7.948962e+02 3.186801e+02 8.799708e+02
-3.181330e-04 7.849088e+02 3.146761e+02 8.689145e+02
-3.480618e-04 8.046649e+02 3.225965e+02 8.907850e+02
-3.814165e-04 7.723200e+02 3.096291e+02 8.549783e+02
-4.258356e-04 7.333901e+02 2.940218e+02 8.118819e+02
-4.957501e-04 7.092560e+02 2.843463e+02 7.851649e+02
-5.967803e-04 7.183878e+02 2.880073e+02 7.952740e+02
-7.206361e-04 7.337896e+02 2.941820e+02 8.123242e+02
-8.754750e-04 7.494529e+02 3.004616e+02 8.296639e+02
-1.071652e-03 7.468401e+02 2.994141e+02 8.267715e+02
-1.368916e-03 7.551922e+02 3.027625e+02 8.360174e+02
-1.821646e-03 7.831265e+02 3.139616e+02 8.669415e+02
-2.421014e-03 7.362895e+02 2.951842e+02 8.150916e+02
-3.234957e-03 7.180104e+02 2.878560e+02 7.948562e+02
-4.228839e-03 7.339686e+02 2.942538e+02 8.125223e+02
-5.638021e-03 7.367106e+02 2.953531e+02 8.155578e+02
-8.091542e-03 7.282161e+02 2.919475e+02 8.061542e+02
-1.173894e-02 7.250346e+02 2.906720e+02 8.026321e+02
-1.755851e-02 7.052375e+02 2.827353e+02 7.807163e+02
-2.728599e-02 7.226504e+02 2.897162e+02 7.999928e+02
-4.396157e-02 7.594228e+02 3.044586e+02 8.407009e+02
-7.629369e-02 7.963741e+02 3.192726e+02 8.816069e+02
-1.386251e-01 7.780352e+02 3.119204e+02 8.613053e+02
-2.352060e-01 8.074789e+02 3.237246e+02 8.939002e+02
-3.705325e-01 7.796588e+02 3.125713e+02 8.631026e+02
-4.507758e-01 7.517972e+02 3.014014e+02 8.322590e+02
-4.196674e-01 7.641630e+02 3.063590e+02 8.459484e+02
-3.739995e-01 7.426544e+02 2.977360e+02 8.221378e+02
-3.175383e-01 7.016823e+02 2.813099e+02 7.767805e+02
-2.663540e-01 7.201396e+02 2.887096e+02 7.972133e+02
-2.291899e-01 7.551736e+02 3.027550e+02 8.359968e+02
-1.847650e-01 7.887362e+02 3.162105e+02 8.731515e+02
-1.372466e-01 7.705673e+02 3.089265e+02 8.530380e+02
-1.099277e-01 7.783784e+02 3.120580e+02 8.616851e+02
-9.756604e-02 8.019561e+02 3.215105e+02 8.877863e+02
-8.958609e-02 7.923940e+02 3.176770e+02 8.772008e+02
-7.835327e-02 7.634638e+02 3.060786e+02 8.451743e+02
-7.178000e-02 7.626643e+02 3.057581e+02 8.442893e+02
-6.602926e-02 7.663604e+02 3.072399e+02 8.483810e+02
-5.328775e-02 7.573482e+02 3.036268e+02 8.384041e+02
-4.586787e-02 7.916561e+02 3.173811e+02 8.763839e+02
-4.151858e-02 8.068293e+02 3.234642e+02 8.931810e+02
-3.407866e-02 7.649152e+02 3.066605e+02 8.467810e+02
-3.018545e-02 7.332187e+02 2.939531e+02 8.116921e+02
-3.021983e-02 7.428576e+02 2.978174e+02 8.223627e+02
-2.988274e-02 7.544437e+02 3.024624e+02 8.351888e+02
-2.357560e-02 7.361470e+02 2.951271e+02 8.149339e+02
-1.453037e-02 7.364464e+02 2.952471e+02 8.152653e+02
-8.879868e-03 7.492993e+02 3.004000e+02 8.294938e+02
-6.163647e-03 7.515487e+02 3.013018e+02 8.319839e+02
-4.653737e-03 7.075766e+02 2.836730e+02 7.833057e+02
-3.569904e-03 7.437064e+02 2.981577e+02 8.233023e+02
-2.960615e-03 7.623442e+02 3.056298e+02 8.439349e+02
-2.731872e-03 7.933070e+02 3.180430e+02 8.782115e+02
-2.777632e-03 7.753813e+02 3.108564e+02 8.583672e+02
-2.907341e-03 7.413417e+02 2.972097e+02 8.206845e+02
-3.215256e-03 7.410660e+02 2.970992e+02 8.203793e+02
-4.033254e-03 7.594481e+02 3.044687e+02 8.407288e+02
-5.753838e-03 7.762806e+02 3.112170e+02 8.593629e+02
-9.357602e-03 7.443689e+02 2.984234e+02 8.240358e+02
-1.802514e-02 7.533280e+02 3.020151e+02 8.339537e+02
-4.050138e-02 7.536264e+02 3.021348e+02 8.342841e+02
-8.445554e-02 7.330480e+02 2.938847e+02 8.115032e+02
-1.469091e-01 7.228683e+02 2.898036e+02 8.002340e+02
-2.210954e-01 7.660814e+02 3.071281e+02 8.480721e+02
-2.735977e-01 7.490928e+02 3.003172e+02 8.292653e+02
-3.315484e-01 7.639749e+02 3.062835e+02 8.457401e+02
-4.779015e-01 8.167595e+02 3.274453e+02 9.041741e+02
-6.976259e-01 8.073156e+02 3.236592e+02 8.937194e+02
-9.352010e-01 8.214929e+02 3.293430e+02 9.094141e+02
-9.998962e-01 7.941920e+02 3.183978e+02 8.791912e+02
-9.970794e-01 7.632458e+02 3.059913e+02 8.449330e+02
-8.882786e-01 7.814118e+02 3.132741e+02 8.650433e+02
-6.223733e-01 7.413890e+02 2.972287e+02 8.207369e+02
-3.674703e-01 7.281726e+02 2.919301e+02 8.061060e+02
-2.022255e-01 6.870810e+02 2.754562e+02 7.606166e+02
-1.115703e-01 7.052991e+02 2.827599e+02 7.807845e+02
-6.588247e-02 7.329992e+02 2.938651e+02 8.114492e+02
-4.037904e-02 7.189188e+02 2.882202e+02 7.958619e+02
-2.843827e-02 6.896017e+02 2.764667e+02 7.634070e+02
-2.091195e-02 7.261127e+02 2.911043e+02 8.038257e+02
-1.557084e-02 7.146791e+02 2.865205e+02 7.911684e+02
-1.301816e-02 7.512291e+02 3.011736e+02 8.316302e+02
-1.255614e-02 8.093856e+02 3.244890e+02 8.960109e+02
-1.314750e-02 7.663211e+02 3.072242e+02 8.483374e+02
-1.418271e-02 8.097779e+02 3.246463e+02 8.964452e+02
-1.534383e-02 8.389067e+02 3.363243e+02 9.286916e+02
-1.566900e-02 7.711062e+02 3.091425e+02 8.536346e+02
-1.538628e-02 7.497294e+02 3.005724e+02 8.299700e+02
-1.634566e-02 7.459018e+02 2.990379e+02 8.257327e+02
-1.835258e-02 7.334333e+02 2.940391e+02 8.119297e+02
-2.106000e-02 7.023703e+02 2.815858e+02 7.775423e+02
-2.346883e-02 7.441025e+02 2.983165e+02 8.237409e+02
-2.303300e-02 7.145749e+02 2.864787e+02 7.910531e+02
-2.225851e-02 7.042683e+02 2.823467e+02 7.796433e+02
-2.171996e-02 6.786259e+02 2.720664e+02 7.512565e+02
-1.926762e-02 6.623525e+02 2.655423e+02 7.332415e+02
-1.514276e-02 6.844055e+02 2.743835e+02 7.576547e+02
-1.034699e-02 6.940633e+02 2.782554e+02 7.683461e+02
-6.975531e-03 7.236926e+02 2.901340e+02 8.011466e+02
-5.090622e-03 7.546203e+02 3.025332e+02 8.353844e+02
-3.748315e-03 7.694747e+02 3.084884e+02 8.518285e+02
-2.755763e-03 7.707977e+02 3.090188e+02 8.532931e+02
-2.227453e-03 7.602659e+02 3.047966e+02 8.416342e+02
-1.980124e-03 7.267373e+02 2.913547e+02 8.045171e+02
-1.716414e-03 7.693890e+02 3.084541e+02 8.517337e+02
-1.415236e-03 7.141367e+02 2.863030e+02 7.905679e+02
-1.198371e-03 7.105917e+02 2.848818e+02 7.866435e+02
-1.089878e-03 6.651970e+02 2.666827e+02 7.363904e+02
-1.034609e-03 6.779185e+02 2.717828e+02 7.504734e+02
-9.651277e-04 6.888333e+02 2.761587e+02 7.625564e+02
-8.530391e-04 6.959452e+02 2.790099e+02 7.704294e+02
-7.356559e-04 7.080780e+02 2.838740e+02 7.838608e+02
-6.403630e-04 6.841788e+02 2.742926e+02 7.574037e+02
-5.603210e-04 6.373515e+02 2.555192e+02 7.055647e+02
-4.914299e-04 6.747715e+02 2.705212e+02 7.469896e+02
-4.266564e-04 6.797580e+02 2.725203e+02 7.525099e+02
-3.780217e-04 7.015382e+02 2.812522e+02 7.766210e+02
-3.423979e-04 7.234826e+02 2.900498e+02 8.009140e+02
-3.116923e-04 7.745386e+02 3.105186e+02 8.574344e+02
-2.877756e-04 7.945309e+02 3.185337e+02 8.795664e+02
-2.684548e-04 8.052885e+02 3.228465e+02 8.914754e+02
-2.572676e-04 7.661062e+02 3.071380e+02 8.480995e+02
-2.542751e-04 7.606368e+02 3.049453e+02 8.420447e+02
-2.565932e-04 7.261566e+02 2.911219e+02 8.038742e+02
-2.654085e-04 7.520885e+02 3.015182e+02 8.325815e+02
-2.924427e-04 7.958664e+02 3.190691e+02 8.810448e+02
-3.383426e-04 7.741390e+02 3.103584e+02 8.569920e+02
-3.878647e-04 7.852019e+02 3.147936e+02 8.692390e+02
-4.393121e-04 7.840927e+02 3.143489e+02 8.680111e+02
-4.764269e-04 7.543730e+02 3.024341e+02 8.351106e+02
-4.822022e-04 6.912393e+02 2.771233e+02 7.652199e+02
-4.611300e-04 7.105652e+02 2.848712e+02 7.866142e+02
-4.301063e-04 7.190702e+02 2.882809e+02 7.960295e+02
-4.003033e-04 7.098222e+02 2.845733e+02 7.857916e+02
-3.717275e-04 6.737775e+02 2.701227e+02 7.458892e+02
-3.540662e-04 6.583794e+02 2.639495e+02 7.288431e+02
-3.401482e-04 6.836343e+02 2.740744e+02 7.568010e+02
-3.269484e-04 6.766397e+02 2.712702e+02 7.490578e+02
-3.148196e-04 7.054658e+02 2.828268e+02 7.809691e+02
-3.001621e-04 6.784669e+02 2.720027e+02 7.510806e+02
-2.879028e-04 6.732309e+02 2.699036e+02 7.452842e+02
-2.821825e-04 6.721939e+02 2.694878e+02 7.441361e+02
-2.850482e-04 6.758669e+02 2.709603e+02 7.482022e+02
-3.001447e-04 6.956375e+02 2.788865e+02 7.700889e+02
-3.182016e-04 7.260971e+02 2.910980e+02 8.038084e+02
-3.297543e-04 7.438583e+02 2.982186e+02 8.234705e+02
-3.394427e-04 6.934833e+02 2.780229e+02 7.677041e+02
-3.607758e-04 7.256696e+02 2.909266e+02 8.033351e+02
-3.937159e-04 7.595824e+02 3.045225e+02 8.408775e+02
-4.238230e-04 7.595150e+02 3.044955e+02 8.408029e+02
-4.482060e-04 7.802216e+02 3.127969e+02 8.637256e+02
-4.587973e-04 8.269359e+02 3.315251e+02 9.154396e+02
-4.550578e-04 8.031794e+02 3.220009e+02 8.891406e+02
-4.495863e-04 7.941783e+02 3.183923e+02 8.791760e+02
-4.425861e-04 7.618555e+02 3.054339e+02 8.433939e+02
-4.274482e-04 7.375024e+02 2.956705e+02 8.164344e+02
-4.055689e-04 7.469604e+02 2.994623e+02 8.269046e+02
-3.798105e-04 7.482642e+02 2.999850e+02 8.283479e+02
-3.539461e-04 7.587567e+02 3.041915e+02 8.399634e+02
-3.266150e-04 7.778958e+02 3.118645e+02 8.611509e+02
-2.953782e-04 7.903040e+02 3.168391e+02 8.748871e+02
-2.664829e-04 7.692485e+02 3.083978e+02 8.515781e+02
-2.454039e-04 7.724514e+02 3.096818e+02 8.551239e+02
-2.268156e-04 7.527295e+02 3.017752e+02 8.332912e+02
-2.075951e-04 7.279127e+02 2.918259e+02 8.058184e+02
-1.871159e-04 7.034311e+02 2.820110e+02 7.787165e+02
-1.692987e-04 6.932987e+02 2.779489e+02 7.674997e+02
-1.565079e-04 6.909712e+02 2.770158e+02 7.649231e+02
-1.456777e-04 7.008953e+02 2.809944e+02 7.759093e+02
-1.365524e-04 7.210284e+02 2.890660e+02 7.981973e+02
-1.289418e-04 7.513647e+02 3.012280e+02 8.317803e+02
-1.231040e-04 7.234966e+02 2.900555e+02 8.009296e+02
-1.200251e-04 6.619311e+02 2.653734e+02 7.327750e+02
-1.207212e-04 7.087384e+02 2.841388e+02 7.845919e+02
-1.228418e-04 7.157860e+02 2.869642e+02 7.923938e+02
-1.235395e-04 7.236524e+02 2.901179e+02 8.011021e+02
-1.233611e-04 7.393522e+02 2.964121e+02 8.184821e+02
-1.244135e-04 6.992884e+02 2.803502e+02 7.741304e+02
-1.281322e-04 6.874986e+02 2.756236e+02 7.610788e+02
-1.323896e-04 6.933698e+02 2.779774e+02 7.675785e+02
-1.360227e-04 6.920394e+02 2.774440e+02 7.661057e+02
-1.390304e-04 7.075234e+02 2.836517e+02 7.832468e+02
-1.414359e-04 7.090294e+02 2.842555e+02 7.849141e+02
-1.453074e-04 7.208671e+02 2.890013e+02 7.980186e+02
-1.499685e-04 7.755307e+02 3.109163e+02 8.585327e+02
-1.531802e-04 7.417298e+02 2.973653e+02 8.211142e+02
-1.551624e-04 8.102838e+02 3.248491e+02 8.970053e+02
-1.601287e-04 8.113282e+02 3.252679e+02 8.981615e+02
-1.659790e-04 8.039506e+02 3.223101e+02 8.899943e+02
-1.668792e-04 7.569162e+02 3.034536e+02 8.379259e+02
-1.620973e-04 7.764310e+02 3.112773e+02 8.595293e+02
-1.555459e-04 7.722013e+02 3.095816e+02 8.548470e+02
-1.503922e-04 7.455477e+02 2.988959e+02 8.253407e+02
-1.447265e-04 7.377544e+02 2.957715e+02 8.167134e+02
-1.352413e-04 6.948938e+02 2.785884e+02 7.692655e+02
-1.257752e-04 7.125478e+02 2.856660e+02 7.888090e+02
-1.193481e-04 6.882035e+02 2.759062e+02 7.618592e+02
-1.132311e-04 6.929934e+02 2.778265e+02 7.671618e+02
-1.072948e-04 6.545175e+02 2.624012e+02 7.245680e+02
-1.018130e-04 6.748073e+02 2.705355e+02 7.470293e+02
-9.610314e-05 6.778383e+02 2.717507e+02 7.503847e+02
-9.122618e-05 6.815727e+02 2.732479e+02 7.545188e+02
-8.683356e-05 6.906483e+02 2.768863e+02 7.645656e+02
-8.366254e-05 7.015400e+02 2.812529e+02 7.766230e+02
-8.201386e-05 7.096324e+02 2.844972e+02 7.855816e+02
-8.086727e-05 7.056096e+02 2.828844e+02 7.811282e+02
-7.990329e-05 7.408958e+02 2.970309e+02 8.201909e+02
-7.901192e-05 7.499854e+02 3.006750e+02 8.302534e+02
-7.856790e-05 7.179184e+02 2.878191e+02 7.947544e+02
-7.886563e-05 7.356287e+02 2.949193e+02 8.143601e+02
-8.033965e-05 7.632331e+02 3.059861e+02 8.449189e+02
-8.261146e-05 7.741600e+02 3.103668e+02 8.570153e+02
-8.521460e-05 8.016658e+02 3.213941e+02 8.874649e+02
-8.949462e-05 8.135138e+02 3.261441e+02 9.005810e+02
-9.744804e-05 7.717144e+02 3.093864e+02 8.543080e+02
-1.062602e-04 7.330617e+02 2.938902e+02 8.115184e+02
-1.137278e-04 7.308536e+02 2.930050e+02 8.090740e+02
-1.226137e-04 7.473477e+02 2.996176e+02 8.273334e+02
-1.331239e-04 7.361612e+02 2.951328e+02 8.149496e+02
-1.439976e-04 6.765528e+02 2.712353e+02 7.489616e+02
-1.533502e-04 6.751671e+02 2.706798e+02 7.474276e+02
