# temperature_K
321.5765761164
319.4189184366
317.4770265458
315.7293238650
314.1563914735
312.7407523426
311.4666771469
310.3200094938
309.2880086303
308.3592078789
307.5232872301
306.7709586759
306.0938630093
305.4844769445
304.9360295246
304.4424268888
303.9981845631
303.5983665210
303.2385303396
302.9146778385
302.6232106563
302.3608902679
302.1248020020
301.9123226547
301.7210913435
301.5489832752
301.3940861366
301.2546788473
301.1292124361
301.0162928304
300.9146653669
300.8232008506
300.7408830088
300.6667971994
300.6001202481
300.5401113031
300.4861036031
300.4374970698
300.3937516406
300.3543812684
300.3189485211
300.2870597220
300.2583605754
300.2325322300
300.2092877357
300.1883688548
300.1695431917
300.1526016094
300.1373559036
300.1236367091
300.1112916144
300.1001834633
300.0901888256
300.0811966175
300.0731068582
300.0658295475
300.0592836518
300.0533961882
300.0481013961
300.0433399879
300.0390584727
300.0352085461
300.0317465435
300.0286329526
300.0258319844
300.0233112008
300.0210411972
300.0189953384
300.0171495435
300.0154821129
300.0139735892
300.0126066395
300.0113659470
300.0102380980
300.0092114553
300.0082760093
300.0074232059
300.0066457549
300.0059374271
300.0052928502
300.0047073166
300.0041766130
300.0036968790
300.0032644987
300.0028760256
300.0025281366
300.0022176116
300.0019413299
300.0016962796
300.0014795733
300.0012884645
300.0011203645
300.0009728544
300.0008436937
300.0007308238
300.0006323677
300.0005466255
300.0004720670
300.0004073226
300.0003511725
300.0003025344
300.0002604522
300.0002240835
300.0001926886
300.0001656191
300.0001423077
300.0001222593
300.0001050417
300.0000902785
300.0000776416
300.0000668451
300.0000576399
300.0000498088
300.0000431619
300.0000375331
300.0000327769
300.0000287654
300.0000253859
300.0000225391
300.0000201371
300.0000181024
300.0000163669
300.0000148705
300.0000135611
300.0000123937
300.0000113304
300.0000103397
300.0000093962
300.0000084807
300.0000075795
300.0000066837
300.0000057892
300.0000048959
300.0000040070
300.0000031284
300.0000022684
300.0000014367
300.0000006441
299.9999999019
299.9999992219
299.9999986158
299.9999980954
299.9999976721
299.9999973576
299.9999971637
299.9999971027
299.9999971883
299.9999974357
299.9999978627
299.9999984909
299.9999993464
300.0000004621
300.0000018788
300.0000036474
300.0000058316
300.0000085099
300.0000117784
300.0000157533
300.0000205718
300.0000263926
300.0000333924
300.0000417581
300.0000516723
300.0000632880
300.0000766920
300.0000918529
300.0001085577
300.0001263416
300.0001444254
300.0001616832
300.0001766671
300.0001877140
300.0001931446
300.0001915348
300.0001820053
300.0001644526
300.0001396443
300.0001091384
300.0000750432
300.0000396826
300.0000052590
299.9999735902
299.9999459625
299.9999231023
299.9999052361
299.9998922023
299.9998835768
299.9998787879
299.9998772087
299.9998782223
299.9998812627
299.9998858365
299.9998915309
299.9998980133
299.9999050256
299.9999123768
299.9999199343
299.9999276173
299.9999353905
299.9999432602
299.9999512728
299.9999595152
299.9999681190
299.9999772675
299.9999872079
299.9999982699
300.0000108920
300.0000256609
300.0000433678
300.0000650912
300.0000923179
300.0001271242
300.0001724477
300.0002325046
300.0003134378
300.0004243436
300.0005789284
300.0007982393
300.0011152692
300.0015829207
300.0022881620
300.0033779665
300.0051084552
300.0079414722
300.0127420693
300.0211994201
300.0367583154
300.0667036927
300.1262061785
300.2348757664
300.1857028276
299.0825593936
303.0471112680
302.5530614374
302.2264408642
301.9809491481
301.7745326455
301.5936574893
301.4327382627
301.2887005183
301.1594295396
301.0432645970
300.9388096874
300.8448516903
300.7603190444
300.6842573531
300.6158128525
300.5542199691
300.4987912747
300.4489090165
300.4040177857
300.3636180731
300.3272605486
300.2945409501
300.2650954945
300.2385967417
300.2147498592
300.1932892526
300.1739755496
300.1565929450
300.1409469214
300.1268623319
300.1141817786
300.1027641563
300.0924832136
300.0832260434
300.0748915202
300.0673887953
300.0606359727
300.0545590325
300.0490909916
300.0441712440
300.0397450099
300.0357628444
300.0321801774
300.0289568750
300.0260568247
300.0234475459
300.0210998306
300.0189874152
300.0170866824
300.0153763933
300.0138374460
300.0124526592
300.0112065777
300.0100852983
300.0090763134
300.0081683703
300.0073513451
300.0066161291
300.0059545272
300.0053591654
300.0048234091
300.0043412884
300.0039074314
300.0035170042
300.0031656569
300.0028494749
300.0025649353
300.0023088671
300.0020784166
300.0018710149
300.0016843497
300.0015163395
300.0013651103
300.0012289753
300.0011064162
300.0009960662
300.0008966955
300.0008071977
300.0007265775
300.0006539403
300.0005884821
300.0005294807
300.0004762880
300.0004283222
300.0003850618
300.0003460388
300.0003108340
300.0002790713
300.0002504134
300.0002245576
300.0002012322
300.0001801926
300.0001612188
300.0001441126
300.0001286951
300.0001148045
300.0001022948
300.0000910336
300.0000809010
300.0000717885
300.0000635975
300.0000562388
300.0000496317
300.0000437029
300.0000383860
300.0000336213
300.0000293544
300.0000255365
300.0000221235
300.0000190755
300.0000163568
300.0000139351
300.0000117813
300.0000098694
300.0000081760
300.0000066801
300.0000053627
300.0000042070
300.0000031977
300.0000023213
300.0000015656
300.0000009197
300.0000003738
299.9999999192
299.9999995481
299.9999992536
299.9999990295
299.9999988703
299.9999987711
299.9999987274
299.9999987354
299.9999987915
299.9999988924
299.9999990351
299.9999992167
299.9999994344
299.9999996855
299.9999999671
300.0000002761
300.0000006095
300.0000009635
300.0000013343
300.0000017177
300.0000021089
300.0000025029
300.0000028941
300.0000032768
300.0000036448
300.0000039921
300.0000043126
300.0000046005
300.0000048504
300.0000050578
300.0000052188
300.0000053307
300.0000053918
300.0000054019
300.0000053619
300.0000052736
300.0000051402
300.0000049654
300.0000047537
300.0000045097
300.0000042382
300.0000039436
300.0000036301
300.0000033012
300.0000029598
300.0000026082
300.0000022485
300.0000018818
300.0000015095
300.0000011327
300.0000007525
300.0000003706
299.9999999885
299.9999996086
299.9999992334
299.9999988657
299.9999985085
299.9999981650
299.9999978380
299.9999975304
299.9999972444
299.9999969820
299.9999967445
299.9999965326
299.9999963465
299.9999961860
299.9999960502
299.9999959382
299.9999958485
299.9999957799
299.9999957307
299.9999956997
299.9999956856
299.9999956872
299.9999957036
299.9999957341
299.9999957781
299.9999958353
299.9999959053
299.9999959880
299.9999960832
299.9999961907
299.9999963103
299.9999964419
299.9999965850
299.9999967393
299.9999969044
299.9999970796
299.9999972644
299.9999974580
299.9999976599
299.9999978692
299.9999980853
299.9999983075
299.9999985352
299.9999987676
299.9999990044
299.9999992449
299.9999994888
299.9999997358
299.9999999856
300.0000002379
300.0000004927
300.0000007497
300.0000010090
300.0000012704
300.0000015339
300.0000017994
300.0000020666
300.0000023355
300.0000026058
300.0000028770
300.0000031486
300.0000034200
300.0000036904
300.0000039588
300.0000042241
300.0000044850
300.0000047400
300.0000049875
300.0000052256
300.0000054526
300.0000056664
300.0000058650
300.0000060463
300.0000062085
300.0000063494
300.0000064674
300.0000065608
300.0000066281
300.0000066682
300.0000066802
300.0000066633
300.0000066172
300.0000065417
300.0000064369
300.0000063032
300.0000061410
300.0000059512
300.0000057345
300.0000054923
300.0000052258
300.0000049367
300.0000046272
300.0000042999
300.0000039580
300.0000036054
300.0000032470
300.0000028882
300.0000025358
300.0000021969
300.0000018798
300.0000015927
300.0000013441
300.0000011421
300.0000009934
300.0000009031
300.0000008735
300.0000009037
300.0000009884
300.0000011180
300.0000012781
300.0000014501
300.0000016119
300.0000017403
300.0000018123
300.0000018089
300.0000017167
300.0000015313
300.0000012584
300.0000009143
300.0000005258
300.0000001284
299.9999997645
299.9999994812
299.9999993296
299.9999993646
299.9999996480
300.0000002531
300.0000012753
300.0000028473
300.0000051646
300.0000085260
300.0000134003
300.0000205373
300.0000311570
300.0000472782
300.0000722980
300.0001120239
300.0001765221
300.0002833901
300.0004633609
300.0007690977
300.0012861881
300.0021376291
300.0034530295
300.0052476794
300.0071936625
300.0084884201
300.0082387938
300.0062659709
300.0033652778
300.0006094511
299.9986073503
299.9974202534
299.9968497881
299.9966702660
299.9967134768
299.9968732277
299.9970876783
299.9973223851
299.9975587823
299.9977872578
299.9980031956
299.9982047562
299.9983916356
299.9985643664
299.9987239215
299.9988714841
299.9990083108
299.9991356450
299.9992546567
299.9993663944
299.9994717409
299.9995713695
299.9996656997
299.9997548552
299.9998386293
299.9999164667
299.9999874716
300.0000504520
300.0001040091
300.0001466730
300.0001770774
300.0001941566
300.0001973369
300.0001866891
300.0001630129
300.0001278322
300.0000832966
300.0000320046
299.9999767770
299.9999204180
299.9998654995
299.9998141960
299.9997681842
299.9997286079
299.9996960983
299.9996708352
299.9996526320
299.9996410286
299.9996353812
299.9996349416
299.9996389210
299.9996465395
299.9996570597
299.9996698088
299.9996841903
299.9996996881
299.9997158653
299.9997323600
299.9997488782
299.9997651863
299.9997811034
299.9997964931
299.9998112567
299.9998253267
299.9998386606
299.9998512369
299.9998630496
299.9998741056
299.9998844215
299.9998940207
299.9999029320
299.9999111874
299.9999188213
299.9999258691
299.9999323668
299.9999383497
299.9999438528
299.9999489097
299.9999535527
299.9999578128
299.9999617192
299.9999652994
299.9999685795
299.9999715836
299.9999743344
299.9999768528
299.9999791585
299.9999812694
299.9999832024
299.9999849727
299.9999865947
299.9999880813
299.9999894446
299.9999906956
299.9999918443
299.9999929001
299.9999938714
299.9999947659
299.9999955907
299.9999963524
299.9999970568
299.9999977092
299.9999983146
299.9999988775
299.9999994019
299.9999998915
300.0000003497
300.0000007796
300.0000011839
300.0000015652
300.0000019257
300.0000022675
300.0000025925
300.0000029024
300.0000031987
300.0000034827
300.0000037558
300.0000040191
300.0000042735
300.0000045200
300.0000047594
300.0000049925
300.0000052198
300.0000054421
300.0000056600
300.0000058739
300.0000060844
300.0000062919
300.0000064971
300.0000067005
300.0000069026
300.0000071042
300.0000073060
300.0000075091
300.0000077145
300.0000079238
300.0000081387
300.0000083615
300.0000085952
300.0000088434
300.0000091111
300.0000094043
300.0000097313
300.0000101023
300.0000105314
300.0000110364
300.0000116417
300.0000123791
300.0000132918
300.0000144379
300.0000158966
300.0000177766
300.0000202283
300.0000234613
300.0000277705
300.0000335744
300.0000414719
300.0000523266
300.0000673944
300.0000885126
300.0001183829
300.0001609877
300.0002221878
300.0003105450
300.0004383616
300.0006227731
300.0008863574
300.0012559765
300.0017574355
300.0024025868
300.0031667901
300.0039617269
300.0046225937
300.0049387032
300.0047383389
300.0039867725
300.0028211569
300.0014871125
300.0002263822
299.9991956209
299.9984504297
299.9979739094
299.9977147498
299.9976148977
299.9976235060
299.9977012922
299.9978200725
299.9979605832
299.9981101230
299.9982605795
299.9984069517
299.9985463064
299.9986770627
299.9987985132
299.9989105043
299.9990132263
299.9991070751
299.9991925615
299.9992702526
299.9993407339
299.9994045854
299.9994623671
299.9995146100
299.9995618116
299.9996044341
299.9996429040
299.9996776132
299.9997089199
299.9997371513
299.9997626049
299.9997855512
299.9998062356
299.9998248805
299.9998416873
299.9998568381
299.9998704978
299.9998828151
299.9998939247
299.9999039479
299.9999129944
299.9999211632
299.9999285434
299.9999352156
299.9999412521
299.9999467181
299.9999516722
299.9999561671
299.9999602497
299.9999639621
299.9999673418
299.9999704219
299.9999732318
299.9999757971
299.9999781403
299.9999802808
299.9999822354
299.9999840187
299.9999856428
299.9999871185
299.9999884550
299.9999896605
299.9999907423
299.9999917077
299.9999925634
299.9999933168
299.9999939754
299.9999945471
299.9999950408
299.9999954655
299.9999958312
299.9999961479
299.9999964258
299.9999966750
299.9999969052
299.9999971255
299.9999973437
299.9999975666
299.9999977997
299.9999980466
299.9999983095
299.9999985889
299.9999988835
299.9999991908
299.9999995068
299.9999998264
300.0000001439
300.0000004530
300.0000007474
300.0000010212
300.0000012689
300.0000014864
300.0000016703
300.0000018190
300.0000019323
300.0000020113
300.0000020588
300.0000020785
300.0000020752
300.0000020540
300.0000020207
300.0000019805
300.0000019387
300.0000018997
300.0000018672
300.0000018437
300.0000018312
300.0000018303
300.0000018409
300.0000018620
300.0000018918
300.0000019283
300.0000019686
300.0000020099
300.0000020493
300.0000020836
300.0000021099
300.0000021256
300.0000021282
300.0000021156
300.0000020861
300.0000020382
300.0000019711
300.0000018843
300.0000017777
300.0000016515
300.0000015066
300.0000013441
300.0000011653
300.0000009722
300.0000007669
300.0000005517
300.0000003293
300.0000001028
299.9999998752
299.9999996500
299.9999994308
299.9999992215
299.9999990261
299.9999988490
299.9999986948
299.9999985683
299.9999984748
299.9999984200
299.9999984099
299.9999984511
299.9999985510
299.9999987174
299.9999989594
299.9999992865
299.9999997098
300.0000002415
300.0000008951
300.0000016858
300.0000026304
300.0000037478
300.0000050587
300.0000065859
300.0000083542
300.0000103904
300.0000127231
300.0000153820
300.0000183973
300.0000217989
300.0000256148
300.0000298692
300.0000345801
300.0000397564
300.0000453941
300.0000514719
300.0000579472
300.0000647504
300.0000717810
300.0000789029
300.0000859426
300.0000926882
300.0000988926
300.0001042795
300.0001085546
300.0001114200
300.0001125937
300.0001118301
300.0001089425
300.0001038224
300.0000964559
300.0000869318
300.0000754425
300.0000622755
300.0000477964
300.0000324260
300.0000166130
300.0000008057
299.9999854265
299.9999708502
299.9999573882
299.9999452799
299.9999346892
299.9999257081
299.9999183628
299.9999126235
299.9999084154
299.9999056302
299.9999041364
299.9999037889
299.9999044373
299.9999059319
299.9999081290
299.9999108939
299.9999141034
299.9999176472
299.9999214279
299.9999253611
299.9999293750
299.9999334094
299.9999374145
299.9999413504
299.9999451854
299.9999488953
299.9999524626
299.9999558748
299.9999591243
299.9999622076
299.9999651239
299.9999678754
299.9999704662
299.9999729020
299.9999751897
299.9999773371
299.9999793526
299.9999812447
299.9999830222
299.9999846940
299.9999862684
299.9999877538
299.9999891580
299.9999904885
299.9999917522
299.9999929555
299.9999941044
299.9999952041
299.9999962595
299.9999972748
299.9999982537
299.9999991991
300.0000001138
300.0000009995
300.0000018578
300.0000026894
300.0000034947
300.0000042734
300.0000050249
300.0000057478
300.0000064406
300.0000071012
300.0000077271
300.0000083155
300.0000088634
300.0000093677
300.0000098249
300.0000102318
300.0000105850
300.0000108814
300.0000111180
300.0000112920
