#E_pot  E_kin  T  P
-1.598048e-05 2.431490e+02 9.748032e+01 2.691722e+02
-1.605429e-05 2.313696e+02 9.275790e+01 2.561322e+02
-1.609014e-05 2.385871e+02 9.565143e+01 2.641221e+02
-1.604116e-05 2.401537e+02 9.627949e+01 2.658564e+02
-1.596886e-05 2.325039e+02 9.321264e+01 2.573879e+02
-1.581657e-05 2.224711e+02 8.919043e+01 2.462813e+02
-1.561416e-05 2.217711e+02 8.890976e+01 2.455063e+02
-1.546454e-05 2.227396e+02 8.929805e+01 2.465785e+02
-1.535539e-05 2.304817e+02 9.240191e+01 2.551492e+02
-1.515983e-05 2.379232e+02 9.538529e+01 2.633872e+02
-1.496121e-05 2.415027e+02 9.682031e+01 2.673497e+02
-1.476144e-05 2.352812e+02 9.432609e+01 2.604624e+02
-1.455454e-05 2.311401e+02 9.266588e+01 2.558781e+02
-1.442719e-05 2.271015e+02 9.104678e+01 2.514073e+02
-1.426582e-05 2.199964e+02 8.819829e+01 2.435418e+02
-1.401759e-05 2.108282e+02 8.452268e+01 2.333923e+02
-1.377236e-05 2.271898e+02 9.108218e+01 2.515050e+02
-1.354794e-05 2.212281e+02 8.869208e+01 2.449053e+02
-1.329543e-05 2.247200e+02 9.009203e+01 2.487709e+02
-1.304938e-05 2.285749e+02 9.163748e+01 2.530384e+02
-1.287858e-05 2.370604e+02 9.503936e+01 2.624320e+02
-1.274371e-05 2.428129e+02 9.734561e+01 2.688002e+02
-1.263507e-05 2.397126e+02 9.610266e+01 2.653681e+02
-1.257814e-05 2.425528e+02 9.724132e+01 2.685123e+02
-1.256007e-05 2.502743e+02 1.003369e+02 2.770601e+02
-1.254535e-05 2.539319e+02 1.018033e+02 2.811093e+02
-1.253768e-05 2.652244e+02 1.063305e+02 2.936103e+02
-1.253303e-05 2.629363e+02 1.054132e+02 2.910773e+02
-1.250484e-05 2.598917e+02 1.041926e+02 2.877069e+02
-1.246692e-05 2.462211e+02 9.871196e+01 2.725731e+02
-1.245040e-05 2.430101e+02 9.742466e+01 2.690185e+02
-1.245908e-05 2.503874e+02 1.003823e+02 2.771854e+02
-1.248515e-05 2.498106e+02 1.001510e+02 2.765468e+02
-1.253173e-05 2.526190e+02 1.012769e+02 2.796558e+02
-1.258433e-05 2.548858e+02 1.021857e+02 2.821653e+02
-1.267064e-05 2.488537e+02 9.976741e+01 2.754876e+02
-1.278605e-05 2.468188e+02 9.895159e+01 2.732348e+02
-1.293806e-05 2.427338e+02 9.731391e+01 2.687127e+02
-1.315348e-05 2.313519e+02 9.275078e+01 2.561125e+02
-1.338136e-05 2.296996e+02 9.208835e+01 2.542834e+02
-1.353693e-05 2.315346e+02 9.282406e+01 2.563149e+02
-1.358713e-05 2.346002e+02 9.405304e+01 2.597085e+02
-1.356379e-05 2.469313e+02 9.899671e+01 2.733594e+02
-1.348395e-05 2.462681e+02 9.873081e+01 2.726252e+02
-1.341184e-05 2.219912e+02 8.899799e+01 2.457500e+02
-1.343391e-05 2.170541e+02 8.701869e+01 2.402845e+02
-1.346189e-05 2.248059e+02 9.012646e+01 2.488660e+02
-1.342986e-05 2.273860e+02 9.116084e+01 2.517222e+02
-1.341853e-05 2.437183e+02 9.770858e+01 2.698025e+02
-1.345031e-05 2.418176e+02 9.694656e+01 2.676984e+02
-1.353488e-05 2.428966e+02 9.737917e+01 2.688929e+02
-1.368619e-05 2.456858e+02 9.849736e+01 2.719806e+02
-1.381396e-05 2.404796e+02 9.641018e+01 2.662172e+02
-1.389877e-05 2.617092e+02 1.049213e+02 2.897189e+02
-1.393361e-05 2.666599e+02 1.069061e+02 2.951995e+02
-1.391734e-05 2.516991e+02 1.009082e+02 2.786375e+02
-1.387454e-05 2.334305e+02 9.358413e+01 2.584137e+02
-1.376062e-05 2.423608e+02 9.716435e+01 2.682997e+02
-1.361900e-05 2.441076e+02 9.786465e+01 2.702335e+02
-1.346826e-05 2.531166e+02 1.014764e+02 2.802067e+02
-1.324189e-05 2.449101e+02 9.818637e+01 2.711218e+02
-1.304909e-05 2.406330e+02 9.647167e+01 2.663870e+02
-1.296429e-05 2.564652e+02 1.028189e+02 2.839137e+02
-1.283373e-05 2.520661e+02 1.010553e+02 2.790438e+02
-1.263133e-05 2.588397e+02 1.037708e+02 2.865422e+02
-1.243434e-05 2.549068e+02 1.021941e+02 2.821884e+02
-1.226196e-05 2.602665e+02 1.043429e+02 2.881218e+02
-1.210585e-05 2.511894e+02 1.007038e+02 2.780732e+02
-1.199035e-05 2.567322e+02 1.029259e+02 2.842092e+02
-1.192879e-05 2.545487e+02 1.020506e+02 2.817921e+02
-1.188620e-05 2.567880e+02 1.029483e+02 2.842710e+02
-1.187425e-05 2.535835e+02 1.016636e+02 2.807236e+02
-1.192927e-05 2.442419e+02 9.791851e+01 2.703822e+02
-1.204703e-05 2.538049e+02 1.017524e+02 2.809686e+02
-1.223734e-05 2.572743e+02 1.031433e+02 2.848094e+02
-1.246305e-05 2.603018e+02 1.043570e+02 2.881609e+02
-1.266536e-05 2.540387e+02 1.018461e+02 2.812274e+02
-1.286325e-05 2.486144e+02 9.967146e+01 2.752226e+02
-1.306633e-05 2.445593e+02 9.804573e+01 2.707335e+02
-1.323649e-05 2.326633e+02 9.327653e+01 2.575643e+02
-1.335614e-05 2.436979e+02 9.770039e+01 2.697799e+02
-1.350392e-05 2.303272e+02 9.233996e+01 2.549782e+02
-1.364229e-05 2.390071e+02 9.581981e+01 2.645870e+02
-1.376360e-05 2.475956e+02 9.926302e+01 2.740948e+02
-1.389121e-05 2.446636e+02 9.808756e+01 2.708490e+02
-1.403236e-05 2.640187e+02 1.058472e+02 2.922756e+02
-1.417549e-05 2.617753e+02 1.049478e+02 2.897921e+02
-1.418895e-05 2.515026e+02 1.008294e+02 2.784199e+02
-1.404740e-05 2.338830e+02 9.376553e+01 2.589146e+02
-1.391815e-05 2.411050e+02 9.666090e+01 2.669096e+02
-1.390686e-05 2.308264e+02 9.254013e+01 2.555309e+02
-1.386989e-05 2.424884e+02 9.721550e+01 2.684410e+02
-1.379796e-05 2.511575e+02 1.006910e+02 2.780379e+02
-1.369806e-05 2.360041e+02 9.461589e+01 2.612627e+02
-1.355690e-05 2.369988e+02 9.501468e+01 2.623638e+02
-1.341051e-05 2.586160e+02 1.036812e+02 2.862947e+02
-1.333205e-05 2.644648e+02 1.060260e+02 2.927694e+02
-1.338155e-05 2.597976e+02 1.041549e+02 2.876027e+02
-1.355217e-05 2.606978e+02 1.045158e+02 2.885993e+02
-1.387252e-05 2.718215e+02 1.089754e+02 3.009135e+02
-1.429798e-05 2.715359e+02 1.088609e+02 3.005974e+02
-1.476663e-05 2.589407e+02 1.038113e+02 2.866541e+02
-1.525417e-05 2.536411e+02 1.016867e+02 2.807873e+02
-1.558590e-05 2.401042e+02 9.625965e+01 2.658016e+02
-1.591048e-05 2.640227e+02 1.058488e+02 2.922800e+02
-1.626517e-05 2.635490e+02 1.056589e+02 2.917556e+02
-1.660322e-05 2.523132e+02 1.011543e+02 2.793173e+02
-1.712373e-05 2.404025e+02 9.637925e+01 2.661318e+02
-1.769639e-05 2.515658e+02 1.008547e+02 2.784899e+02
-1.839722e-05 2.434756e+02 9.761128e+01 2.695338e+02
-1.923823e-05 2.494304e+02 9.999859e+01 2.761259e+02
-2.024346e-05 2.461949e+02 9.870145e+01 2.725441e+02
-2.149472e-05 2.435745e+02 9.765092e+01 2.696433e+02
-2.267797e-05 2.447632e+02 9.812748e+01 2.709592e+02
-2.345722e-05 2.451843e+02 9.829631e+01 2.714254e+02
-2.402337e-05 2.418168e+02 9.694627e+01 2.676975e+02
-2.457969e-05 2.378040e+02 9.533748e+01 2.632552e+02
-2.479026e-05 2.527071e+02 1.013122e+02 2.797533e+02
-2.451139e-05 2.555277e+02 1.024430e+02 2.828758e+02
-2.432947e-05 2.620814e+02 1.050705e+02 2.901309e+02
-2.444766e-05 2.519752e+02 1.010188e+02 2.789431e+02
-2.450517e-05 2.695020e+02 1.080455e+02 2.983458e+02
-2.455496e-05 2.631254e+02 1.054891e+02 2.912867e+02
-2.480154e-05 2.573164e+02 1.031602e+02 2.848560e+02
-2.511440e-05 2.406022e+02 9.645933e+01 2.663530e+02
-2.521887e-05 2.537043e+02 1.017120e+02 2.808573e+02
-2.538323e-05 2.523057e+02 1.011513e+02 2.793090e+02
-2.604023e-05 2.598917e+02 1.041926e+02 2.877069e+02
-2.691270e-05 2.529680e+02 1.014169e+02 2.800422e+02
-2.779614e-05 2.628872e+02 1.053936e+02 2.910230e+02
-2.860171e-05 2.464570e+02 9.880656e+01 2.728343e+02
-2.916143e-05 2.522106e+02 1.011132e+02 2.792037e+02
-2.981336e-05 2.599646e+02 1.042219e+02 2.877876e+02
-3.053982e-05 2.508187e+02 1.005552e+02 2.776628e+02
-3.116261e-05 2.450263e+02 9.823295e+01 2.712505e+02
-3.187896e-05 2.281285e+02 9.145850e+01 2.525442e+02
-3.246200e-05 2.174582e+02 8.718069e+01 2.407319e+02
-3.262201e-05 2.298432e+02 9.214593e+01 2.544424e+02
-3.280264e-05 2.237122e+02 8.968799e+01 2.476553e+02
-3.341470e-05 2.271881e+02 9.108149e+01 2.515031e+02
-3.381053e-05 2.227168e+02 8.928893e+01 2.465533e+02
-3.354133e-05 2.266029e+02 9.084689e+01 2.508553e+02
-3.267057e-05 2.276393e+02 9.126240e+01 2.520027e+02
-3.155581e-05 2.425137e+02 9.722565e+01 2.684690e+02
-3.072048e-05 2.399549e+02 9.619979e+01 2.656363e+02
-3.028287e-05 2.292024e+02 9.188903e+01 2.537330e+02
-3.038082e-05 2.307932e+02 9.252680e+01 2.554941e+02
-3.060986e-05 2.330581e+02 9.343483e+01 2.580014e+02
-3.078946e-05 2.285874e+02 9.164249e+01 2.530522e+02
-3.118589e-05 2.259253e+02 9.057523e+01 2.501052e+02
-3.152002e-05 2.466188e+02 9.887141e+01 2.730134e+02
-3.163885e-05 2.351647e+02 9.427936e+01 2.603334e+02
-3.159401e-05 2.376166e+02 9.526237e+01 2.630478e+02
-3.139843e-05 2.419855e+02 9.701390e+01 2.678843e+02
-3.140631e-05 2.498263e+02 1.001573e+02 2.765642e+02
-3.108007e-05 2.525590e+02 1.012529e+02 2.795894e+02
-2.995774e-05 2.539909e+02 1.018269e+02 2.811745e+02
-2.890832e-05 2.596611e+02 1.041002e+02 2.874517e+02
-2.808586e-05 2.672670e+02 1.071495e+02 2.958716e+02
-2.707068e-05 2.743471e+02 1.099879e+02 3.037094e+02
-2.595378e-05 2.794242e+02 1.120233e+02 3.093298e+02
-2.509581e-05 2.595701e+02 1.040637e+02 2.873509e+02
-2.486334e-05 2.490595e+02 9.984992e+01 2.757154e+02
-2.506320e-05 2.691727e+02 1.079135e+02 2.979812e+02
-2.516538e-05 2.801021e+02 1.122951e+02 3.100804e+02
-2.512073e-05 2.862155e+02 1.147460e+02 3.168480e+02
-2.500322e-05 2.696550e+02 1.081068e+02 2.985151e+02
-2.480822e-05 2.622931e+02 1.051554e+02 2.903653e+02
-2.455324e-05 2.558984e+02 1.025917e+02 2.832862e+02
-2.448901e-05 2.485073e+02 9.962851e+01 2.751040e+02
-2.439597e-05 2.510301e+02 1.006399e+02 2.778968e+02
-2.365768e-05 2.699097e+02 1.082089e+02 2.987971e+02
-2.271990e-05 2.848206e+02 1.141868e+02 3.153038e+02
-2.190208e-05 2.830191e+02 1.134646e+02 3.133095e+02
-2.136545e-05 2.713838e+02 1.087999e+02 3.004289e+02
-2.103064e-05 2.721397e+02 1.091029e+02 3.012657e+02
-2.076999e-05 2.681320e+02 1.074962e+02 2.968291e+02
-2.099925e-05 2.661363e+02 1.066961e+02 2.946198e+02
-2.142744e-05 2.669831e+02 1.070356e+02 2.955573e+02
-2.191191e-05 2.703544e+02 1.083872e+02 2.992894e+02
-2.242757e-05 2.593758e+02 1.039858e+02 2.871358e+02
-2.276138e-05 2.700160e+02 1.082516e+02 2.989148e+02
-2.328648e-05 2.619682e+02 1.050251e+02 2.900056e+02
-2.402422e-05 2.503775e+02 1.003783e+02 2.771744e+02
-2.459188e-05 2.368136e+02 9.494045e+01 2.621589e+02
-2.498505e-05 2.344237e+02 9.398230e+01 2.595131e+02
-2.531981e-05 2.416201e+02 9.686740e+01 2.674797e+02
-2.535032e-05 2.533209e+02 1.015583e+02 2.804329e+02
-2.506811e-05 2.562936e+02 1.027501e+02 2.837237e+02
-2.517535e-05 2.503218e+02 1.003560e+02 2.771127e+02
-2.567814e-05 2.440895e+02 9.785738e+01 2.702134e+02
-2.601203e-05 2.434048e+02 9.758290e+01 2.694555e+02
-2.587526e-05 2.389604e+02 9.580111e+01 2.645354e+02
-2.535739e-05 2.437424e+02 9.771823e+01 2.698292e+02
-2.507293e-05 2.436663e+02 9.768771e+01 2.697449e+02
-2.487305e-05 2.496965e+02 1.001053e+02 2.764205e+02
-2.481630e-05 2.403565e+02 9.636081e+01 2.660809e+02
-2.512812e-05 2.394122e+02 9.598223e+01 2.650355e+02
-2.536794e-05 2.292001e+02 9.188814e+01 2.537305e+02
-2.551276e-05 2.255782e+02 9.043609e+01 2.497210e+02
-2.590623e-05 2.227563e+02 8.930477e+01 2.465971e+02
-2.633611e-05 2.278953e+02 9.136500e+01 2.522860e+02
-2.690215e-05 2.371250e+02 9.506529e+01 2.625036e+02
-2.771718e-05 2.367195e+02 9.490272e+01 2.620547e+02
-2.861763e-05 2.559477e+02 1.026115e+02 2.833408e+02
-2.910694e-05 2.480793e+02 9.945695e+01 2.746303e+02
-2.901432e-05 2.617441e+02 1.049353e+02 2.897576e+02
-2.905258e-05 2.633194e+02 1.055668e+02 2.915014e+02
-2.914329e-05 2.775200e+02 1.112599e+02 3.072218e+02
-2.893640e-05 2.638040e+02 1.057611e+02 2.920379e+02
-2.815574e-05 2.662315e+02 1.067343e+02 2.947252e+02
-2.685086e-05 2.601958e+02 1.043145e+02 2.880435e+02
-2.543252e-05 2.547695e+02 1.021391e+02 2.820364e+02
-2.426923e-05 2.656182e+02 1.064884e+02 2.940462e+02
-2.360495e-05 2.560167e+02 1.026391e+02 2.834172e+02
-2.352126e-05 2.592782e+02 1.039466e+02 2.870277e+02
-2.352709e-05 2.564592e+02 1.028165e+02 2.839070e+02
-2.337892e-05 2.561077e+02 1.026756e+02 2.835178e+02
-2.343373e-05 2.454673e+02 9.840977e+01 2.717387e+02
-2.353374e-05 2.431911e+02 9.749722e+01 2.692189e+02
-2.355375e-05 2.432490e+02 9.752045e+01 2.692830e+02
-2.339019e-05 2.371458e+02 9.507359e+01 2.625265e+02
-2.302193e-05 2.412639e+02 9.672458e+01 2.670854e+02
-2.257299e-05 2.489020e+02 9.978677e+01 2.755410e+02
-2.204988e-05 2.626228e+02 1.052875e+02 2.907303e+02
-2.203740e-05 2.623595e+02 1.051820e+02 2.904388e+02
-2.253688e-05 2.616500e+02 1.048975e+02 2.896534e+02
-2.307274e-05 2.706471e+02 1.085045e+02 2.996133e+02
-2.328197e-05 2.561818e+02 1.027053e+02 2.835999e+02
-2.335234e-05 2.553939e+02 1.023894e+02 2.827277e+02
-2.363972e-05 2.489432e+02 9.980327e+01 2.755866e+02
-2.399085e-05 2.458034e+02 9.854452e+01 2.721108e+02
-2.437178e-05 2.611383e+02 1.046924e+02 2.890869e+02
-2.462338e-05 2.504037e+02 1.003888e+02 2.772034e+02
-2.474026e-05 2.607255e+02 1.045269e+02 2.886300e+02
-2.476978e-05 2.517660e+02 1.009350e+02 2.787115e+02
-2.467767e-05 2.351744e+02 9.428327e+01 2.603442e+02
-2.465522e-05 2.390948e+02 9.585499e+01 2.646842e+02
-2.508896e-05 2.400925e+02 9.625498e+01 2.657887e+02
-2.578186e-05 2.381579e+02 9.547936e+01 2.636470e+02
-2.611581e-05 2.509172e+02 1.005947e+02 2.777718e+02
-2.676333e-05 2.566045e+02 1.028748e+02 2.840679e+02
-2.811196e-05 2.446839e+02 9.809569e+01 2.708714e+02
-2.941241e-05 2.536027e+02 1.016713e+02 2.807448e+02
-3.043528e-05 2.442044e+02 9.790344e+01 2.703406e+02
-3.119954e-05 2.383229e+02 9.554551e+01 2.638296e+02
-3.194678e-05 2.387046e+02 9.569857e+01 2.642523e+02
-3.284666e-05 2.514563e+02 1.008108e+02 2.783686e+02
-3.387705e-05 2.649276e+02 1.062115e+02 2.932817e+02
-3.487718e-05 2.643843e+02 1.059937e+02 2.926803e+02
-3.563121e-05 2.542345e+02 1.019246e+02 2.814442e+02
-3.641866e-05 2.482688e+02 9.953292e+01 2.748401e+02
-3.755827e-05 2.553398e+02 1.023677e+02 2.826678e+02
-3.924076e-05 2.585981e+02 1.036740e+02 2.862749e+02
-4.081545e-05 2.697914e+02 1.081615e+02 2.986661e+02
-4.146905e-05 2.588318e+02 1.037677e+02 2.865335e+02
-4.154536e-05 2.423998e+02 9.717998e+01 2.683429e+02
-4.147611e-05 2.500035e+02 1.002284e+02 2.767604e+02
-4.138310e-05 2.477823e+02 9.933787e+01 2.743015e+02
-4.142243e-05 2.442544e+02 9.792351e+01 2.703960e+02
-4.201164e-05 2.443535e+02 9.796323e+01 2.705057e+02
-4.328440e-05 2.490313e+02 9.983861e+01 2.756841e+02
-4.388699e-05 2.599999e+02 1.042360e+02 2.878267e+02
-4.295121e-05 2.618460e+02 1.049761e+02 2.898703e+02
-4.140402e-05 2.722981e+02 1.091664e+02 3.014411e+02
-3.966867e-05 2.552614e+02 1.023363e+02 2.825810e+02
-3.753240e-05 2.615410e+02 1.048538e+02 2.895327e+02
-3.545851e-05 2.785399e+02 1.116688e+02 3.083509e+02
-3.443843e-05 2.661726e+02 1.067107e+02 2.946600e+02
-3.396931e-05 2.787760e+02 1.117635e+02 3.086123e+02
-3.335119e-05 2.699842e+02 1.082388e+02 2.988796e+02
-3.251882e-05 2.704489e+02 1.084251e+02 2.993940e+02
-3.166549e-05 2.725336e+02 1.092609e+02 3.017018e+02
-3.093393e-05 2.780349e+02 1.114664e+02 3.077919e+02
-2.985579e-05 2.784751e+02 1.116429e+02 3.082792e+02
-2.826645e-05 2.841427e+02 1.139150e+02 3.145534e+02
-2.671791e-05 2.804127e+02 1.124197e+02 3.104242e+02
-2.558743e-05 2.818771e+02 1.130067e+02 3.120453e+02
-2.444227e-05 2.605039e+02 1.044380e+02 2.883846e+02
-2.337203e-05 2.505766e+02 1.004581e+02 2.773948e+02
-2.252359e-05 2.474697e+02 9.921253e+01 2.739554e+02
-2.177246e-05 2.507384e+02 1.005230e+02 2.775739e+02
-2.101917e-05 2.619527e+02 1.050189e+02 2.899885e+02
-2.014233e-05 2.474474e+02 9.920362e+01 2.739307e+02
-1.922259e-05 2.488010e+02 9.974626e+01 2.754291e+02
-1.841928e-05 2.436997e+02 9.770111e+01 2.697819e+02
-1.776088e-05 2.341456e+02 9.387079e+01 2.592052e+02
-1.732032e-05 2.355738e+02 9.444339e+01 2.607864e+02
-1.706692e-05 2.280407e+02 9.142330e+01 2.524470e+02
-1.692121e-05 2.350981e+02 9.425268e+01 2.602597e+02
-1.672488e-05 2.370949e+02 9.505321e+01 2.624703e+02
-1.644249e-05 2.322743e+02 9.312060e+01 2.571337e+02
-1.620300e-05 2.326452e+02 9.326929e+01 2.575443e+02
-1.601226e-05 2.389960e+02 9.581536e+01 2.645748e+02
-1.587595e-05 2.514121e+02 1.007931e+02 2.783198e+02
-1.566082e-05 2.517452e+02 1.009266e+02 2.786885e+02
-1.530157e-05 2.452774e+02 9.833365e+01 2.715285e+02
-1.490438e-05 2.366162e+02 9.486128e+01 2.619403e+02
-1.456771e-05 2.480931e+02 9.946246e+01 2.746455e+02
-1.430387e-05 2.463779e+02 9.877484e+01 2.727468e+02
-1.401711e-05 2.529222e+02 1.013985e+02 2.799915e+02
-1.377623e-05 2.594076e+02 1.039985e+02 2.871709e+02
-1.364278e-05 2.573660e+02 1.031801e+02 2.849109e+02
-1.351120e-05 2.622244e+02 1.051278e+02 2.902893e+02
-1.336758e-05 2.634049e+02 1.056011e+02 2.915961e+02
-1.322621e-05 2.488778e+02 9.977706e+01 2.755142e+02
-1.301185e-05 2.446315e+02 9.807467e+01 2.708134e+02
-1.277717e-05 2.478837e+02 9.937850e+01 2.744137e+02
-1.260736e-05 2.469321e+02 9.899701e+01 2.733603e+02
-1.245636e-05 2.489965e+02 9.982466e+01 2.756456e+02
-1.232448e-05 2.473846e+02 9.917842e+01 2.738612e+02
-1.216116e-05 2.606193e+02 1.044843e+02 2.885123e+02
-1.200152e-05 2.587359e+02 1.037292e+02 2.864273e+02
-1.183946e-05 2.542197e+02 1.019187e+02 2.814278e+02
-1.159196e-05 2.596500e+02 1.040957e+02 2.874393e+02
-1.140225e-05 2.515181e+02 1.008356e+02 2.784370e+02
-1.126883e-05 2.574883e+02 1.032291e+02 2.850462e+02
-1.119381e-05 2.574338e+02 1.032072e+02 2.849859e+02
-1.121238e-05 2.449760e+02 9.821279e+01 2.711948e+02
-1.125254e-05 2.476320e+02 9.927762e+01 2.741351e+02
-1.140228e-05 2.369453e+02 9.499324e+01 2.623046e+02
-1.167323e-05 2.407581e+02 9.652182e+01 2.665255e+02
-1.203815e-05 2.504614e+02 1.004120e+02 2.772673e+02
-1.245295e-05 2.368160e+02 9.494138e+01 2.621614e+02
-1.283421e-05 2.383090e+02 9.553997e+01 2.638143e+02
-1.325855e-05 2.349843e+02 9.420703e+01 2.601337e+02
-1.372110e-05 2.289317e+02 9.178050e+01 2.534333e+02
-1.421218e-05 2.442189e+02 9.790926e+01 2.703567e+02
-1.472766e-05 2.534413e+02 1.016066e+02 2.805661e+02
-1.513783e-05 2.385862e+02 9.565108e+01 2.641211e+02
-1.544093e-05 2.453005e+02 9.834288e+01 2.715540e+02
-1.565813e-05 2.439386e+02 9.779690e+01 2.700464e+02
-1.579135e-05 2.435763e+02 9.765166e+01 2.696453e+02
-1.599230e-05 2.507844e+02 1.005414e+02 2.776249e+02
-1.640202e-05 2.445232e+02 9.803128e+01 2.706936e+02
-1.689995e-05 2.520429e+02 1.010460e+02 2.790180e+02
-1.740810e-05 2.387507e+02 9.571703e+01 2.643032e+02
-1.798566e-05 2.205864e+02 8.843481e+01 2.441949e+02
-1.845263e-05 2.161928e+02 8.667339e+01 2.393310e+02
-1.876803e-05 2.246583e+02 9.006726e+01 2.487025e+02
-1.916431e-05 2.256820e+02 9.047767e+01 2.498358e+02
-1.973060e-05 2.213937e+02 8.875847e+01 2.450886e+02
-2.040334e-05 2.186120e+02 8.764328e+01 2.420092e+02
-2.083184e-05 2.144614e+02 8.597926e+01 2.374144e+02
-2.096399e-05 2.071857e+02 8.306238e+01 2.293600e+02
-2.092014e-05 2.119068e+02 8.495511e+01 2.345864e+02
-2.060328e-05 2.218375e+02 8.893641e+01 2.455799e+02
-2.019670e-05 2.264539e+02 9.078714e+01 2.506903e+02
-1.968182e-05 2.320197e+02 9.301853e+01 2.568519e+02
-1.926389e-05 2.314648e+02 9.279605e+01 2.562376e+02
-1.910082e-05 2.317927e+02 9.292752e+01 2.566006e+02
-1.902079e-05 2.368461e+02 9.495346e+01 2.621948e+02
-1.899877e-05 2.484614e+02 9.961012e+01 2.750532e+02
-1.893186e-05 2.800290e+02 1.122658e+02 3.099994e+02
-1.900532e-05 2.552554e+02 1.023339e+02 2.825743e+02
-1.928253e-05 2.525947e+02 1.012672e+02 2.796289e+02
-1.959062e-05 2.518866e+02 1.009833e+02 2.788450e+02
-2.007808e-05 2.498919e+02 1.001836e+02 2.766368e+02
-2.079350e-05 2.437098e+02 9.770517e+01 2.697931e+02
-2.154696e-05 2.510328e+02 1.006410e+02 2.778998e+02
-2.217757e-05 2.531864e+02 1.015044e+02 2.802839e+02
-2.272428e-05 2.508807e+02 1.005800e+02 2.777315e+02
-2.337840e-05 2.578841e+02 1.033878e+02 2.854844e+02
-2.431240e-05 2.637899e+02 1.057555e+02 2.920223e+02
-2.536276e-05 2.525432e+02 1.012466e+02 2.795719e+02
-2.630965e-05 2.473202e+02 9.915260e+01 2.737899e+02
-2.733653e-05 2.532925e+02 1.015470e+02 2.804014e+02
-2.858192e-05 2.334255e+02 9.358213e+01 2.584082e+02
-2.983093e-05 2.383252e+02 9.554643e+01 2.638322e+02
-3.110829e-05 2.510438e+02 1.006454e+02 2.779120e+02
-3.221384e-05 2.431408e+02 9.747704e+01 2.691631e+02
-3.298144e-05 2.473403e+02 9.916066e+01 2.738121e+02
-3.362446e-05 2.517954e+02 1.009467e+02 2.787440e+02
-3.390594e-05 2.451977e+02 9.830167e+01 2.714402e+02
-3.364492e-05 2.374026e+02 9.517655e+01 2.628108e+02
-3.295170e-05 2.495362e+02 1.000410e+02 2.762430e+02
-3.225345e-05 2.568122e+02 1.029580e+02 2.842978e+02
-3.179520e-05 2.471098e+02 9.906827e+01 2.735570e+02
-3.176041e-05 2.340079e+02 9.381560e+01 2.590528e+02
-3.208104e-05 2.510787e+02 1.006594e+02 2.779506e+02
-3.262479e-05 2.426735e+02 9.728972e+01 2.686459e+02
-3.328933e-05 2.630837e+02 1.054723e+02 2.912405e+02
-3.392490e-05 2.601708e+02 1.043045e+02 2.880158e+02
-3.472467e-05 2.625360e+02 1.052527e+02 2.906342e+02
-3.533013e-05 2.709432e+02 1.086233e+02 2.999412e+02
-3.575254e-05 2.763565e+02 1.107935e+02 3.059338e+02
-3.646716e-05 2.647191e+02 1.061280e+02 2.930510e+02
-3.737437e-05 2.688905e+02 1.078003e+02 2.976688e+02
-3.846773e-05 2.491590e+02 9.988980e+01 2.758255e+02
-3.987559e-05 2.596319e+02 1.040885e+02 2.874193e+02
-4.152893e-05 2.520972e+02 1.010677e+02 2.790782e+02
-4.293967e-05 2.591047e+02 1.038771e+02 2.868357e+02
-4.379279e-05 2.545847e+02 1.020650e+02 2.818319e+02
-4.448539e-05 2.460319e+02 9.863613e+01 2.723638e+02
-4.537911e-05 2.473066e+02 9.914714e+01 2.737748e+02
-4.738619e-05 2.446259e+02 9.807244e+01 2.708072e+02
-4.984579e-05 2.336454e+02 9.367029e+01 2.586516e+02
-5.189104e-05 2.331373e+02 9.346656e+01 2.580890e+02
-5.399825e-05 2.258015e+02 9.052561e+01 2.499682e+02
-5.636821e-05 2.267182e+02 9.089311e+01 2.509830e+02
-5.962993e-05 2.267367e+02 9.090052e+01 2.510034e+02
-6.367879e-05 2.337580e+02 9.371543e+01 2.587762e+02
-6.811312e-05 2.340059e+02 9.381479e+01 2.590506e+02
-7.252089e-05 2.379431e+02 9.539327e+01 2.634092e+02
-7.668109e-05 2.490629e+02 9.985125e+01 2.757191e+02
-7.960518e-05 2.504871e+02 1.004223e+02 2.772958e+02
-8.210594e-05 2.523492e+02 1.011688e+02 2.793572e+02
-8.501022e-05 2.629769e+02 1.054295e+02 2.911223e+02
-8.843789e-05 2.649933e+02 1.062379e+02 2.933545e+02
-9.178745e-05 2.716352e+02 1.089007e+02 3.007072e+02
-9.367490e-05 2.713430e+02 1.087835e+02 3.003838e+02
-9.446672e-05 2.822625e+02 1.131613e+02 3.124720e+02
-9.347112e-05 2.571328e+02 1.030866e+02 2.846527e+02
-9.086613e-05 2.482915e+02 9.954202e+01 2.748652e+02
-8.756308e-05 2.418467e+02 9.695824e+01 2.677306e+02
-8.472693e-05 2.354348e+02 9.438766e+01 2.606325e+02
-8.247016e-05 2.298028e+02 9.212974e+01 2.543977e+02
-8.007488e-05 2.239382e+02 8.977858e+01 2.479054e+02
-7.644026e-05 2.331594e+02 9.347545e+01 2.581136e+02
-7.219973e-05 2.228500e+02 8.934231e+01 2.467007e+02
-6.964188e-05 2.404764e+02 9.640888e+01 2.662136e+02
-6.855619e-05 2.223904e+02 8.915808e+01 2.461920e+02
-6.734198e-05 2.171800e+02 8.706917e+01 2.404239e+02
-6.601154e-05 2.327016e+02 9.329191e+01 2.576068e+02
-6.460569e-05 2.497771e+02 1.001376e+02 2.765098e+02
-6.322039e-05 2.393737e+02 9.596680e+01 2.649929e+02
-6.182063e-05 2.500041e+02 1.002286e+02 2.767611e+02
-6.072737e-05 2.499088e+02 1.001904e+02 2.766556e+02
-5.926088e-05 2.665694e+02 1.068698e+02 2.950993e+02
-5.719076e-05 2.625878e+02 1.052735e+02 2.906916e+02
-5.508563e-05 2.697963e+02 1.081635e+02 2.986715e+02
-5.308964e-05 2.801128e+02 1.122994e+02 3.100921e+02
-5.172137e-05 2.718991e+02 1.090065e+02 3.009993e+02
-5.115797e-05 2.765243e+02 1.108608e+02 3.061196e+02
-5.113008e-05 2.675404e+02 1.072591e+02 2.961742e+02
-5.094907e-05 2.720585e+02 1.090704e+02 3.011758e+02
-5.041685e-05 2.706109e+02 1.084900e+02 2.995733e+02
-4.946023e-05 2.651798e+02 1.063127e+02 2.935609e+02
-4.788314e-05 2.679087e+02 1.074067e+02 2.965819e+02
-4.610669e-05 2.613102e+02 1.047613e+02 2.892772e+02
-4.440264e-05 2.674489e+02 1.072223e+02 2.960728e+02
-4.251132e-05 2.538778e+02 1.017816e+02 2.810493e+02
-4.047385e-05 2.653936e+02 1.063984e+02 2.937976e+02
-3.864158e-05 2.533659e+02 1.015764e+02 2.804827e+02
-3.724557e-05 2.461027e+02 9.866450e+01 2.724421e+02
-3.601140e-05 2.373777e+02 9.516659e+01 2.627833e+02
-3.461045e-05 2.260157e+02 9.061146e+01 2.502052e+02
-3.299519e-05 2.377547e+02 9.531775e+01 2.632007e+02
-3.180568e-05 2.304210e+02 9.237760e+01 2.550821e+02
-3.100921e-05 2.354183e+02 9.438104e+01 2.606142e+02
-3.006768e-05 2.350477e+02 9.423248e+01 2.602040e+02
-2.917568e-05 2.342635e+02 9.391808e+01 2.593358e+02
-2.836516e-05 2.250394e+02 9.022004e+01 2.491244e+02
-2.743833e-05 2.249719e+02 9.019298e+01 2.490497e+02
-2.632051e-05 2.378299e+02 9.534787e+01 2.632839e+02
-2.522091e-05 2.265768e+02 9.083641e+01 2.508264e+02
-2.429348e-05 2.295110e+02 9.201277e+01 2.540747e+02
-2.340795e-05 2.426370e+02 9.727508e+01 2.686055e+02
-2.253454e-05 2.393368e+02 9.595200e+01 2.649521e+02
-2.187436e-05 2.438331e+02 9.775461e+01 2.699296e+02
-2.156544e-05 2.458247e+02 9.855306e+01 2.721344e+02
-2.158309e-05 2.339203e+02 9.378049e+01 2.589559e+02
-2.172379e-05 2.363434e+02 9.475194e+01 2.616383e+02
-2.178660e-05 2.292289e+02 9.189968e+01 2.537624e+02
-2.176069e-05 2.349271e+02 9.418410e+01 2.600704e+02
-2.163826e-05 2.408282e+02 9.654992e+01 2.666031e+02
-2.149105e-05 2.397128e+02 9.610275e+01 2.653683e+02
-2.132908e-05 2.482018e+02 9.950606e+01 2.747659e+02
-2.107188e-05 2.413892e+02 9.677482e+01 2.672241e+02
-2.091305e-05 2.521712e+02 1.010974e+02 2.791601e+02
-2.087936e-05 2.574898e+02 1.032297e+02 2.850479e+02
-2.082230e-05 2.513238e+02 1.007577e+02 2.782220e+02
-2.069752e-05 2.716509e+02 1.089070e+02 3.007247e+02
-2.055430e-05 2.629141e+02 1.054043e+02 2.910528e+02
-2.039583e-05 2.521262e+02 1.010794e+02 2.791102e+02
-2.021085e-05 2.437551e+02 9.772333e+01 2.698432e+02
-2.011498e-05 2.454004e+02 9.838296e+01 2.716647e+02
-1.990051e-05 2.381298e+02 9.546809e+01 2.636158e+02
-1.968603e-05 2.473657e+02 9.917083e+01 2.738402e+02
-1.979686e-05 2.459259e+02 9.859362e+01 2.722464e+02
-2.007443e-05 2.401261e+02 9.626842e+01 2.658258e+02
-2.048023e-05 2.350258e+02 9.422368e+01 2.601797e+02
-2.090883e-05 2.413807e+02 9.677143e+01 2.672147e+02
-2.119436e-05 2.304410e+02 9.238559e+01 2.551041e+02
-2.148020e-05 2.309140e+02 9.257524e+01 2.556278e+02
-2.173553e-05 2.243672e+02 8.995056e+01 2.483803e+02
-2.184444e-05 2.287510e+02 9.170806e+01 2.532333e+02
-2.202057e-05 2.354728e+02 9.440289e+01 2.606745e+02
-2.240838e-05 2.445412e+02 9.803849e+01 2.707135e+02
-2.297350e-05 2.527271e+02 1.013203e+02 2.797755e+02
-2.343849e-05 2.456443e+02 9.848073e+01 2.719346e+02
-2.383233e-05 2.505792e+02 1.004592e+02 2.773977e+02
-2.445868e-05 2.426432e+02 9.727755e+01 2.686123e+02
-2.521747e-05 2.394459e+02 9.599573e+01 2.650728e+02
-2.606445e-05 2.427862e+02 9.733487e+01 2.687706e+02
-2.697764e-05 2.453331e+02 9.835596e+01 2.715901e+02
-2.763792e-05 2.342458e+02 9.391098e+01 2.593162e+02
-2.810727e-05 2.406240e+02 9.646805e+01 2.663770e+02
-2.860491e-05 2.411487e+02 9.667840e+01 2.669579e+02
-2.891172e-05 2.544550e+02 1.020130e+02 2.816883e+02
-2.901257e-05 2.606933e+02 1.045140e+02 2.885942e+02
-2.912216e-05 2.592673e+02 1.039423e+02 2.870157e+02
-2.920012e-05 2.763100e+02 1.107748e+02 3.058823e+02
-2.923066e-05 2.901529e+02 1.163246e+02 3.212069e+02
-2.957032e-05 2.839731e+02 1.138471e+02 3.143657e+02
-3.039170e-05 2.707368e+02 1.085405e+02 2.997127e+02
-3.135922e-05 2.663932e+02 1.067991e+02 2.949043e+02
-3.224534e-05 2.641596e+02 1.059037e+02 2.924316e+02
-3.328859e-05 2.536338e+02 1.016838e+02 2.807792e+02
-3.427147e-05 2.610549e+02 1.046590e+02 2.889946e+02
-3.485990e-05 2.460455e+02 9.864159e+01 2.723788e+02
-3.520685e-05 2.386494e+02 9.567644e+01 2.641912e+02
-3.538423e-05 2.398011e+02 9.613815e+01 2.654661e+02
-3.565125e-05 2.247062e+02 9.008647e+01 2.487556e+02
-3.621292e-05 2.254664e+02 9.039126e+01 2.495972e+02
-3.639292e-05 2.344956e+02 9.401114e+01 2.595928e+02
-3.594241e-05 2.561354e+02 1.026867e+02 2.835486e+02
-3.543721e-05 2.638478e+02 1.057787e+02 2.920864e+02
-3.486045e-05 2.637140e+02 1.057250e+02 2.919383e+02
-3.395882e-05 2.576457e+02 1.032922e+02 2.852205e+02
-3.258457e-05 2.649912e+02 1.062371e+02 2.933522e+02
-3.109661e-05 2.641012e+02 1.058802e+02 2.923669e+02
-2.988760e-05 2.615992e+02 1.048772e+02 2.895971e+02
-2.894987e-05 2.753601e+02 1.103940e+02 3.048308e+02
-2.815019e-05 2.727253e+02 1.093377e+02 3.019140e+02
-2.746490e-05 2.609568e+02 1.046196e+02 2.888860e+02
-2.709475e-05 2.766043e+02 1.108929e+02 3.062082e+02
-2.672452e-05 2.665249e+02 1.068519e+02 2.950500e+02
-2.634571e-05 2.660986e+02 1.066810e+02 2.945781e+02
-2.605222e-05 2.667834e+02 1.069556e+02 2.953362e+02
-2.571161e-05 2.753639e+02 1.103955e+02 3.048350e+02
-2.543692e-05 2.700101e+02 1.082492e+02 2.989082e+02
-2.519387e-05 2.701723e+02 1.083142e+02 2.990878e+02
-2.488504e-05 2.682192e+02 1.075312e+02 2.969257e+02
-2.441584e-05 2.596022e+02 1.040765e+02 2.873864e+02
-2.388957e-05 2.552023e+02 1.023126e+02 2.825156e+02
-2.337664e-05 2.653289e+02 1.063724e+02 2.937260e+02
-2.293216e-05 2.701748e+02 1.083152e+02 2.990905e+02
-2.260793e-05 2.752402e+02 1.103460e+02 3.046981e+02
-2.234065e-05 2.716322e+02 1.088995e+02 3.007039e+02
-2.214240e-05 2.593689e+02 1.039830e+02 2.871281e+02
-2.196592e-05 2.572654e+02 1.031397e+02 2.847995e+02
-2.167289e-05 2.520175e+02 1.010358e+02 2.789900e+02
-2.149857e-05 2.635198e+02 1.056472e+02 2.917233e+02
-2.149215e-05 2.771215e+02 1.111002e+02 3.067807e+02
-2.131204e-05 2.553333e+02 1.023651e+02 2.826607e+02
-2.103187e-05 2.433994e+02 9.758074e+01 2.694495e+02
-2.067518e-05 2.314096e+02 9.277391e+01 2.561764e+02
-2.019297e-05 2.300526e+02 9.222990e+01 2.546742e+02
-1.970793e-05 2.291228e+02 9.185712e+01 2.536449e+02
-1.927318e-05 2.191967e+02 8.787767e+01 2.426564e+02
-1.892007e-05 2.298121e+02 9.213346e+01 2.544080e+02
-1.872237e-05 2.292088e+02 9.189159e+01 2.537401e+02
-1.861531e-05 2.257404e+02 9.050110e+01 2.499005e+02
-1.853065e-05 2.275332e+02 9.121983e+01 2.518851e+02
-1.840217e-05 2.323411e+02 9.314739e+01 2.572077e+02
-1.822662e-05 2.291231e+02 9.185727e+01 2.536453e+02
-1.807795e-05 2.565727e+02 1.028620e+02 2.840326e+02
-1.798191e-05 2.461976e+02 9.870254e+01 2.725471e+02
-1.789987e-05 2.667158e+02 1.069284e+02 2.952613e+02
-1.782409e-05 2.598486e+02 1.041753e+02 2.876591e+02
-1.784105e-05 2.599415e+02 1.042126e+02 2.877620e+02
-1.789044e-05 2.631019e+02 1.054796e+02 2.912606e+02
-1.794927e-05 2.696893e+02 1.081206e+02 2.985531e+02
-1.803095e-05 2.560750e+02 1.026625e+02 2.834817e+02
-1.801629e-05 2.618144e+02 1.049634e+02 2.898354e+02
-1.796352e-05 2.699735e+02 1.082345e+02 2.988677e+02
-1.798037e-05 2.744315e+02 1.100217e+02 3.038028e+02
-1.799965e-05 2.606506e+02 1.044969e+02 2.885470e+02
-1.793648e-05 2.468915e+02 9.898074e+01 2.733153e+02
-1.777111e-05 2.346476e+02 9.407205e+01 2.597610e+02
-1.757029e-05 2.294734e+02 9.199770e+01 2.540331e+02
-1.741772e-05 2.231446e+02 8.946041e+01 2.470269e+02
-1.730430e-05 2.307652e+02 9.251558e+01 2.554631e+02
-1.721485e-05 2.282207e+02 9.149546e+01 2.526462e+02
-1.711793e-05 2.255313e+02 9.041725e+01 2.496690e+02
-1.704872e-05 2.321435e+02 9.306815e+01 2.569889e+02
-1.703153e-05 2.266692e+02 9.087346e+01 2.509287e+02
-1.704415e-05 2.327376e+02 9.330632e+01 2.576466e+02
-1.704269e-05 2.660854e+02 1.066757e+02 2.945635e+02
-1.698145e-05 2.484099e+02 9.958948e+01 2.749962e+02
-1.700164e-05 2.394462e+02 9.599587e+01 2.650732e+02
-1.698336e-05 2.558724e+02 1.025813e+02 2.832574e+02
-1.687390e-05 2.527628e+02 1.013346e+02 2.798150e+02
-1.680893e-05 2.602939e+02 1.043539e+02 2.881521e+02
-1.671204e-05 2.780330e+02 1.114656e+02 3.077898e+02
-1.670234e-05 2.827597e+02 1.133606e+02 3.130224e+02
-1.683248e-05 2.854231e+02 1.144284e+02 3.159708e+02
-1.705378e-05 2.827107e+02 1.133409e+02 3.129681e+02
-1.724440e-05 2.735061e+02 1.096507e+02 3.027783e+02
-1.721347e-05 2.713602e+02 1.087904e+02 3.004028e+02
-1.718630e-05 2.763439e+02 1.107884e+02 3.059199e+02
-1.710620e-05 2.786137e+02 1.116984e+02 3.084326e+02
-1.688749e-05 2.759550e+02 1.106325e+02 3.054893e+02
-1.657093e-05 2.724141e+02 1.092130e+02 3.015696e+02
-1.623617e-05 2.854830e+02 1.144524e+02 3.160371e+02
-1.586497e-05 2.784755e+02 1.116430e+02 3.082796e+02
-1.527620e-05 2.693572e+02 1.079874e+02 2.981854e+02
-1.466117e-05 2.856685e+02 1.145267e+02 3.162425e+02
-1.416735e-05 2.810538e+02 1.126767e+02 3.111339e+02
-1.371934e-05 2.894526e+02 1.160438e+02 3.204315e+02
-1.324081e-05 2.796418e+02 1.121106e+02 3.095708e+02
-1.285617e-05 2.788541e+02 1.117948e+02 3.086988e+02
-1.257665e-05 2.742686e+02 1.099564e+02 3.036225e+02
-1.225634e-05 2.747772e+02 1.101603e+02 3.041855e+02
-1.193794e-05 2.762431e+02 1.107480e+02 3.058084e+02
-1.166181e-05 2.814974e+02 1.128545e+02 3.116250e+02
-1.137990e-05 2.720353e+02 1.090611e+02 3.011501e+02
-1.111681e-05 2.668618e+02 1.069870e+02 2.954229e+02
-1.091568e-05 2.627849e+02 1.053525e+02 2.909097e+02
-1.078567e-05 2.678065e+02 1.073657e+02 2.964687e+02
-1.065145e-05 2.558798e+02 1.025842e+02 2.832656e+02
-1.054410e-05 2.574191e+02 1.032013e+02 2.849696e+02
-1.048276e-05 2.554918e+02 1.024287e+02 2.828361e+02
-1.045263e-05 2.687879e+02 1.077592e+02 2.975552e+02
-1.042726e-05 2.611033e+02 1.046783e+02 2.890481e+02
-1.032661e-05 2.571633e+02 1.030988e+02 2.846865e+02
-1.019846e-05 2.537602e+02 1.017345e+02 2.809192e+02
-1.011359e-05 2.580669e+02 1.034610e+02 2.856868e+02
-1.004466e-05 2.495338e+02 1.000400e+02 2.762404e+02
-9.958599e-06 2.536798e+02 1.017022e+02 2.808301e+02
-9.858704e-06 2.532241e+02 1.015195e+02 2.803257e+02
-9.756443e-06 2.566596e+02 1.028968e+02 2.841288e+02
-9.676483e-06 2.381518e+02 9.547694e+01 2.636403e+02
-9.597481e-06 2.442712e+02 9.793026e+01 2.704146e+02
-9.496863e-06 2.427906e+02 9.733665e+01 2.687755e+02
-9.365584e-06 2.494347e+02 1.000003e+02 2.761307e+02
-9.217475e-06 2.376142e+02 9.526138e+01 2.630451e+02
-9.079029e-06 2.373768e+02 9.516621e+01 2.627823e+02
-8.950020e-06 2.330522e+02 9.343245e+01 2.579948e+02
-8.840408e-06 2.341314e+02 9.386511e+01 2.591895e+02
-8.713058e-06 2.309556e+02 9.259190e+01 2.556738e+02
-8.566889e-06 2.353465e+02 9.435227e+01 2.605347e+02
-8.456704e-06 2.377313e+02 9.530836e+01 2.631748e+02
-8.391617e-06 2.427723e+02 9.732931e+01 2.687552e+02
-8.353549e-06 2.501623e+02 1.002920e+02 2.769362e+02
-8.327464e-06 2.390182e+02 9.582427e+01 2.645994e+02
-8.315013e-06 2.395624e+02 9.604244e+01 2.652018e+02
-8.317881e-06 2.359999e+02 9.461423e+01 2.612581e+02
-8.376637e-06 2.477239e+02 9.931444e+01 2.742368e+02
-8.482672e-06 2.547718e+02 1.021400e+02 2.820390e+02
-8.559136e-06 2.531483e+02 1.014891e+02 2.802418e+02
-8.628185e-06 2.447155e+02 9.810838e+01 2.709065e+02
-8.712241e-06 2.466163e+02 9.887043e+01 2.730107e+02
-8.812432e-06 2.521046e+02 1.010707e+02 2.790863e+02
-8.926080e-06 2.350409e+02 9.422974e+01 2.601964e+02
-9.003403e-06 2.288685e+02 9.175518e+01 2.533634e+02
-9.070942e-06 2.248422e+02 9.014101e+01 2.489062e+02
-9.141103e-06 2.324189e+02 9.317855e+01 2.572937e+02
-9.223260e-06 2.341461e+02 9.387101e+01 2.592058e+02
-9.397150e-06 2.556339e+02 1.024856e+02 2.829934e+02
-9.690784e-06 2.469845e+02 9.901803e+01 2.734183e+02
-1.010077e-05 2.417251e+02 9.690948e+01 2.675960e+02
-1.057320e-05 2.379303e+02 9.538814e+01 2.633951e+02
-1.106921e-05 2.306123e+02 9.245428e+01 2.552938e+02
-1.158897e-05 2.297033e+02 9.208987e+01 2.542876e+02
-1.204968e-05 2.387461e+02 9.571520e+01 2.642982e+02
-1.227607e-05 2.472062e+02 9.910692e+01 2.736637e+02
-1.230951e-05 2.240471e+02 8.982226e+01 2.480260e+02
-1.232052e-05 2.373249e+02 9.514540e+01 2.627248e+02
-1.229092e-05 2.358073e+02 9.453699e+01 2.610448e+02
-1.232198e-05 2.225835e+02 8.923548e+01 2.464057e+02
-1.250373e-05 2.333415e+02 9.354844e+01 2.583151e+02
-1.282595e-05 2.298219e+02 9.213739e+01 2.544188e+02
-1.319176e-05 2.370329e+02 9.502836e+01 2.624016e+02
-1.353652e-05 2.170558e+02 8.701937e+01 2.402864e+02
-1.388991e-05 2.199123e+02 8.816456e+01 2.434486e+02
-1.434900e-05 2.257975e+02 9.052398e+01 2.499637e+02
-1.499883e-05 1.989235e+02 7.974999e+01 2.202135e+02
-1.574454e-05 2.095446e+02 8.400806e+01 2.319713e+02
-1.655123e-05 2.161006e+02 8.663643e+01 2.392290e+02
-1.718179e-05 2.250486e+02 9.022375e+01 2.491347e+02
-1.761490e-05 2.332378e+02 9.350687e+01 2.582003e+02
-1.803835e-05 2.404794e+02 9.641007e+01 2.662169e+02
-1.846764e-05 2.302718e+02 9.231776e+01 2.549169e+02
-1.889218e-05 2.339600e+02 9.379642e+01 2.589999e+02
-1.926691e-05 2.514491e+02 1.008079e+02 2.783607e+02
-1.963305e-05 2.332121e+02 9.349655e+01 2.581718e+02
-2.005852e-05 2.377789e+02 9.532742e+01 2.632274e+02
-2.045043e-05 2.352692e+02 9.432125e+01 2.604491e+02
-2.051466e-05 2.268363e+02 9.094046e+01 2.511137e+02
-2.059990e-05 2.180274e+02 8.740890e+01 2.413620e+02
-2.084526e-05 2.258596e+02 9.054888e+01 2.500324e+02
-2.114684e-05 2.343995e+02 9.397259e+01 2.594863e+02
-2.158460e-05 2.320458e+02 9.302900e+01 2.568808e+02
-2.189436e-05 2.392699e+02 9.592517e+01 2.648780e+02
-2.185224e-05 2.530627e+02 1.014548e+02 2.801470e+02
-2.158157e-05 2.539624e+02 1.018155e+02 2.811430e+02
-2.146183e-05 2.385208e+02 9.562487e+01 2.640488e+02
-2.174071e-05 2.217556e+02 8.890357e+01 2.454893e+02
-2.203800e-05 2.288379e+02 9.174290e+01 2.533295e+02
-2.221399e-05 2.060059e+02 8.258939e+01 2.280539e+02
-2.264384e-05 2.172614e+02 8.710179e+01 2.405140e+02
-2.277178e-05 2.217784e+02 8.891269e+01 2.455144e+02
-2.211354e-05 2.171452e+02 8.705523e+01 2.403854e+02
-2.133099e-05 2.202909e+02 8.831634e+01 2.438677e+02
-2.091067e-05 2.251699e+02 9.027236e+01 2.492689e+02
-2.040716e-05 2.275628e+02 9.123173e+01 2.519180e+02
-1.968165e-05 2.313851e+02 9.276409e+01 2.561493e+02
-1.911164e-05 2.478581e+02 9.936824e+01 2.743853e+02
-1.880158e-05 2.649539e+02 1.062221e+02 2.933109e+02
-1.871351e-05 2.600025e+02 1.042370e+02 2.878295e+02
-1.866477e-05 2.711473e+02 1.087051e+02 3.001671e+02
-1.863253e-05 2.612944e+02 1.047550e+02 2.892597e+02
-1.873439e-05 2.724008e+02 1.092076e+02 3.015548e+02
-1.892736e-05 2.606454e+02 1.044948e+02 2.885412e+02
-1.915927e-05 2.554373e+02 1.024068e+02 2.827757e+02
-1.952291e-05 2.574902e+02 1.032298e+02 2.850483e+02
-2.006407e-05 2.591088e+02 1.038787e+02 2.868402e+02
-2.076842e-05 2.451549e+02 9.828451e+01 2.713928e+02
-2.155212e-05 2.387518e+02 9.571747e+01 2.643045e+02
-2.228325e-05 2.316007e+02 9.285055e+01 2.563880e+02
-2.294765e-05 2.346811e+02 9.408549e+01 2.597981e+02
-2.346835e-05 2.481438e+02 9.948280e+01 2.747017e+02
-2.407029e-05 2.541996e+02 1.019106e+02 2.814056e+02
-2.481331e-05 2.652232e+02 1.063301e+02 2.936090e+02
-2.573382e-05 2.766007e+02 1.108914e+02 3.062042e+02
-2.703738e-05 2.652369e+02 1.063356e+02 2.936242e+02
-2.886572e-05 2.726630e+02 1.093128e+02 3.018451e+02
-3.100231e-05 2.637050e+02 1.057214e+02 2.919283e+02
-3.327048e-05 2.658124e+02 1.065663e+02 2.942613e+02
-3.537959e-05 2.584560e+02 1.036170e+02 2.861175e+02
-3.737569e-05 2.708328e+02 1.085790e+02 2.998190e+02
-3.946505e-05 2.714248e+02 1.088164e+02 3.004744e+02
-4.111551e-05 2.688935e+02 1.078015e+02 2.976721e+02
-4.236774e-05 2.736019e+02 1.096891e+02 3.028844e+02
-4.357491e-05 2.742645e+02 1.099548e+02 3.036180e+02
-4.507134e-05 2.717967e+02 1.089654e+02 3.008860e+02
-4.677074e-05 2.753186e+02 1.103774e+02 3.047849e+02
-4.854865e-05 2.801438e+02 1.123118e+02 3.101264e+02
-5.029593e-05 2.786868e+02 1.117277e+02 3.085135e+02
-5.201738e-05 2.819321e+02 1.130288e+02 3.121061e+02
-5.369738e-05 2.718365e+02 1.089814e+02 3.009301e+02
-5.577379e-05 2.634776e+02 1.056302e+02 2.916766e+02
-5.808108e-05 2.454025e+02 9.838378e+01 2.716669e+02
-6.068926e-05 2.454676e+02 9.840991e+01 2.717391e+02
-6.324323e-05 2.509279e+02 1.005990e+02 2.777837e+02
-6.526912e-05 2.367082e+02 9.489817e+01 2.620421e+02
-6.665005e-05 2.383529e+02 9.555754e+01 2.638629e+02
-6.644431e-05 2.355340e+02 9.442744e+01 2.607423e+02
-6.552746e-05 2.470892e+02 9.905999e+01 2.735342e+02
-6.492699e-05 2.484846e+02 9.961944e+01 2.750790e+02
-6.439392e-05 2.592450e+02 1.039333e+02 2.869909e+02
-6.304757e-05 2.567021e+02 1.029139e+02 2.841759e+02
-6.114089e-05 2.618080e+02 1.049609e+02 2.898283e+02
-5.907562e-05 2.570506e+02 1.030536e+02 2.845617e+02
-5.705958e-05 2.476553e+02 9.928697e+01 2.741609e+02
-5.499675e-05 2.394151e+02 9.598338e+01 2.650387e+02
-5.276179e-05 2.479745e+02 9.941492e+01 2.745142e+02
-5.053090e-05 2.548773e+02 1.021823e+02 2.821558e+02
-4.811649e-05 2.497204e+02 1.001149e+02 2.764470e+02
-4.602514e-05 2.376705e+02 9.528396e+01 2.631074e+02
-4.413872e-05 2.557889e+02 1.025478e+02 2.831649e+02
-4.241352e-05 2.471706e+02 9.909264e+01 2.736243e+02
-4.093238e-05 2.497100e+02 1.001107e+02 2.764355e+02
-3.909963e-05 2.511392e+02 1.006837e+02 2.780176e+02
-3.717340e-05 2.313797e+02 9.276196e+01 2.561434e+02
-3.555723e-05 2.270322e+02 9.101900e+01 2.513306e+02
-3.427808e-05 2.392462e+02 9.591569e+01 2.648518e+02
-3.332205e-05 2.365280e+02 9.482593e+01 2.618427e+02
-3.247423e-05 2.266405e+02 9.086198e+01 2.508970e+02
-3.159422e-05 2.333230e+02 9.354103e+01 2.582947e+02
-3.082920e-05 2.231540e+02 8.946419e+01 2.470373e+02
-2.993320e-05 2.300689e+02 9.223641e+01 2.546922e+02
-2.905058e-05 2.276362e+02 9.126113e+01 2.519992e+02
-2.824467e-05 2.446810e+02 9.809455e+01 2.708683e+02
-2.707856e-05 2.530846e+02 1.014636e+02 2.801712e+02
-2.603033e-05 2.468201e+02 9.895214e+01 2.732363e+02
-2.550506e-05 2.489000e+02 9.978597e+01 2.755388e+02
-2.546405e-05 2.518039e+02 1.009502e+02 2.787535e+02
-2.599694e-05 2.689437e+02 1.078216e+02 2.977277e+02
-2.680001e-05 2.739691e+02 1.098363e+02 3.032909e+02
-2.740656e-05 2.653544e+02 1.063827e+02 2.937542e+02
-2.786672e-05 2.637256e+02 1.057297e+02 2.919511e+02
-2.827992e-05 2.574810e+02 1.032262e+02 2.850382e+02
-2.839154e-05 2.586825e+02 1.037078e+02 2.863682e+02
-2.838153e-05 2.648912e+02 1.061970e+02 2.932415e+02
-2.825951e-05 2.658449e+02 1.065793e+02 2.942972e+02
-2.792362e-05 2.662254e+02 1.067319e+02 2.947185e+02
-2.740773e-05 2.424295e+02 9.719191e+01 2.683758e+02
-2.669195e-05 2.374772e+02 9.520649e+01 2.628935e+02
-2.607197e-05 2.507382e+02 1.005229e+02 2.775737e+02
-2.544371e-05 2.358274e+02 9.454507e+01 2.610671e+02
-2.484176e-05 2.332628e+02 9.351687e+01 2.582279e+02
-2.457020e-05 2.267090e+02 9.088943e+01 2.509728e+02
-2.436126e-05 2.421063e+02 9.706231e+01 2.680180e+02
-2.405148e-05 2.570972e+02 1.030723e+02 2.846133e+02
-2.380741e-05 2.629179e+02 1.054059e+02 2.910570e+02
-2.343857e-05 2.736604e+02 1.097126e+02 3.029492e+02
-2.311516e-05 2.663846e+02 1.067957e+02 2.948947e+02
-2.287172e-05 2.544496e+02 1.020109e+02 2.816824e+02
-2.268324e-05 2.530585e+02 1.014531e+02 2.801423e+02
-2.258668e-05 2.526031e+02 1.012706e+02 2.796382e+02
-2.251517e-05 2.434220e+02 9.758979e+01 2.694745e+02
-2.242001e-05 2.527214e+02 1.013180e+02 2.797691e+02
-2.241445e-05 2.404231e+02 9.638752e+01 2.661547e+02
-2.251259e-05 2.401338e+02 9.627152e+01 2.658344e+02
-2.260802e-05 2.339582e+02 9.379566e+01 2.589978e+02
-2.265276e-05 2.487715e+02 9.973444e+01 2.753965e+02
-2.265209e-05 2.504465e+02 1.004060e+02 2.772508e+02
-2.292404e-05 2.567129e+02 1.029182e+02 2.841879e+02
-2.341857e-05 2.525111e+02 1.012337e+02 2.795364e+02
-2.397754e-05 2.428394e+02 9.735621e+01 2.688295e+02
-2.438815e-05 2.442022e+02 9.790256e+01 2.703382e+02
-2.458800e-05 2.494675e+02 1.000135e+02 2.761670e+02
-2.491684e-05 2.561293e+02 1.026842e+02 2.835418e+02
-2.531493e-05 2.565868e+02 1.028677e+02 2.840483e+02
-2.552277e-05 2.466345e+02 9.887771e+01 2.730308e+02
-2.538876e-05 2.441075e+02 9.786460e+01 2.702333e+02
-2.486535e-05 2.411356e+02 9.667315e+01 2.669434e+02
-2.434810e-05 2.446055e+02 9.806425e+01 2.707846e+02
-2.410708e-05 2.489572e+02 9.980889e+01 2.756021e+02
-2.400933e-05 2.451355e+02 9.827676e+01 2.713714e+02
-2.391746e-05 2.496214e+02 1.000752e+02 2.763374e+02
-2.390836e-05 2.557185e+02 1.025196e+02 2.830871e+02
-2.379026e-05 2.470009e+02 9.902462e+01 2.734365e+02
-2.344036e-05 2.416863e+02 9.689392e+01 2.675530e+02
-2.302429e-05 2.325678e+02 9.323825e+01 2.574586e+02
-2.243197e-05 2.294972e+02 9.200722e+01 2.540594e+02
-2.165857e-05 2.364652e+02 9.480077e+01 2.617732e+02
-2.073522e-05 2.421663e+02 9.708638e+01 2.680844e+02
-1.979421e-05 2.431429e+02 9.747789e+01 2.691655e+02
-1.918141e-05 2.506819e+02 1.005004e+02 2.775114e+02
-1.880907e-05 2.377854e+02 9.533004e+01 2.632347e+02
-1.857824e-05 2.352053e+02 9.429566e+01 2.603784e+02
-1.847284e-05 2.308200e+02 9.253755e+01 2.555237e+02
-1.850486e-05 2.444168e+02 9.798863e+01 2.705758e+02
-1.873589e-05 2.461989e+02 9.870308e+01 2.725486e+02
-1.896787e-05 2.432973e+02 9.753979e+01 2.693364e+02
-1.914943e-05 2.670182e+02 1.070497e+02 2.955961e+02
-1.939206e-05 2.691772e+02 1.079152e+02 2.979861e+02
-1.967870e-05 2.766881e+02 1.109264e+02 3.063009e+02
-1.995317e-05 2.759897e+02 1.106465e+02 3.055278e+02
-2.014210e-05 2.772850e+02 1.111657e+02 3.069617e+02
-2.021746e-05 2.490892e+02 9.986181e+01 2.757482e+02
-2.039364e-05 2.474526e+02 9.920570e+01 2.739365e+02
-2.057258e-05 2.364392e+02 9.479034e+01 2.617444e+02
-2.071622e-05 2.409255e+02 9.658891e+01 2.667108e+02
-2.090792e-05 2.350169e+02 9.422010e+01 2.601698e+02
-2.117954e-05 2.320409e+02 9.302702e+01 2.568753e+02
-2.160879e-05 2.399965e+02 9.621647e+01 2.656823e+02
-2.213924e-05 2.437834e+02 9.773467e+01 2.698746e+02
-2.265432e-05 2.542512e+02 1.019313e+02 2.814627e+02
-2.301091e-05 2.672035e+02 1.071240e+02 2.958013e+02
-2.313255e-05 2.614825e+02 1.048304e+02 2.894680e+02
-2.315181e-05 2.626395e+02 1.052942e+02 2.907487e+02
-2.322333e-05 2.639133e+02 1.058049e+02 2.921589e+02
-2.329630e-05 2.623418e+02 1.051749e+02 2.904192e+02
-2.324659e-05 2.432628e+02 9.752599e+01 2.692983e+02
-2.310297e-05 2.583562e+02 1.035770e+02 2.860070e+02
-2.306811e-05 2.495728e+02 1.000557e+02 2.762836e+02
-2.317036e-05 2.425349e+02 9.723416e+01 2.684925e+02
-2.333112e-05 2.504136e+02 1.003928e+02 2.772144e+02
-2.327766e-05 2.457614e+02 9.852767e+01 2.720643e+02
-2.292879e-05 2.473637e+02 9.917006e+01 2.738381e+02
-2.255565e-05 2.528116e+02 1.013541e+02 2.798690e+02
-2.227276e-05 2.517759e+02 1.009389e+02 2.787225e+02
-2.211828e-05 2.525507e+02 1.012495e+02 2.795802e+02
-2.199933e-05 2.489558e+02 9.980834e+01 2.756006e+02
-2.195388e-05 2.482041e+02 9.950696e+01 2.747684e+02
-2.211134e-05 2.501053e+02 1.002692e+02 2.768731e+02
-2.230113e-05 2.577963e+02 1.033526e+02 2.853872e+02
-2.238143e-05 2.689968e+02 1.078429e+02 2.977864e+02
-2.244543e-05 2.691238e+02 1.078939e+02 2.979271e+02
-2.259280e-05 2.548666e+02 1.021780e+02 2.821440e+02
-2.280233e-05 2.649917e+02 1.062372e+02 2.933527e+02
-2.305573e-05 2.543436e+02 1.019684e+02 2.815650e+02
-2.322410e-05 2.459142e+02 9.858895e+01 2.722335e+02
-2.327548e-05 2.569010e+02 1.029936e+02 2.843961e+02
-2.323425e-05 2.669876e+02 1.070374e+02 2.955622e+02
-2.319158e-05 2.665015e+02 1.068425e+02 2.950241e+02
-2.324803e-05 2.679397e+02 1.074191e+02 2.966162e+02
-2.326693e-05 2.910621e+02 1.166891e+02 3.222134e+02
-2.313496e-05 2.743194e+02 1.099768e+02 3.036787e+02
-2.274934e-05 2.843325e+02 1.139911e+02 3.147634e+02
-2.207097e-05 2.760509e+02 1.106710e+02 3.055956e+02
-2.125562e-05 2.642457e+02 1.059382e+02 2.925268e+02
-2.035817e-05 2.594510e+02 1.040160e+02 2.872191e+02
-1.955606e-05 2.521558e+02 1.010912e+02 2.791430e+02
-1.895399e-05 2.442013e+02 9.790222e+01 2.703372e+02
-1.846151e-05 2.419103e+02 9.698373e+01 2.678010e+02
-1.809181e-05 2.428454e+02 9.735864e+01 2.688362e+02
-1.775190e-05 2.300894e+02 9.224465e+01 2.547150e+02
-1.740090e-05 2.449651e+02 9.820844e+01 2.711828e+02
-1.704336e-05 2.488359e+02 9.976025e+01 2.754678e+02
-1.661300e-05 2.526794e+02 1.013012e+02 2.797227e+02
-1.622666e-05 2.405354e+02 9.643254e+01 2.662790e+02
-1.594275e-05 2.530302e+02 1.014418e+02 2.801110e+02
-1.569684e-05 2.633428e+02 1.055762e+02 2.915274e+02
-1.557113e-05 2.626231e+02 1.052877e+02 2.907307e+02
-1.553486e-05 2.709141e+02 1.086116e+02 2.999090e+02
-1.548228e-05 2.751663e+02 1.103163e+02 3.046163e+02
-1.550413e-05 2.714374e+02 1.088214e+02 3.004882e+02
-1.560599e-05 2.683636e+02 1.075891e+02 2.970855e+02
-1.578399e-05 2.723840e+02 1.092009e+02 3.015362e+02
-1.594735e-05 2.763505e+02 1.107911e+02 3.059272e+02
-1.594829e-05 2.770530e+02 1.110727e+02 3.067049e+02
-1.576866e-05 2.935884e+02 1.177019e+02 3.250100e+02
-1.560462e-05 2.896811e+02 1.161354e+02 3.206846e+02
-1.545131e-05 2.841608e+02 1.139223e+02 3.145734e+02
-1.519265e-05 2.775107e+02 1.112562e+02 3.072116e+02
-1.495196e-05 2.888398e+02 1.157982e+02 3.197532e+02
-1.475206e-05 2.680150e+02 1.074493e+02 2.966996e+02
-1.461572e-05 2.585551e+02 1.036568e+02 2.862273e+02
-1.448857e-05 2.480940e+02 9.946282e+01 2.746465e+02
-1.431335e-05 2.420622e+02 9.704464e+01 2.679692e+02
-1.411470e-05 2.355766e+02 9.444450e+01 2.607894e+02
-1.387776e-05 2.470026e+02 9.902529e+01 2.734383e+02
-1.357801e-05 2.351650e+02 9.427948e+01 2.603337e+02
-1.325793e-05 2.331307e+02 9.346391e+01 2.580817e+02
-1.289535e-05 2.352020e+02 9.429433e+01 2.603748e+02
-1.254538e-05 2.329131e+02 9.337668e+01 2.578408e+02
-1.223928e-05 2.402375e+02 9.631310e+01 2.659492e+02
-1.192164e-05 2.371050e+02 9.505726e+01 2.624814e+02
-1.156832e-05 2.384002e+02 9.557652e+01 2.639152e+02
-1.123917e-05 2.487230e+02 9.971501e+01 2.753429e+02
-1.097704e-05 2.439561e+02 9.780392e+01 2.700658e+02
-1.072373e-05 2.372360e+02 9.510979e+01 2.626265e+02
-1.043704e-05 2.394382e+02 9.599264e+01 2.650643e+02
-1.011651e-05 2.388233e+02 9.574614e+01 2.643836e+02
-9.807011e-06 2.358302e+02 9.454619e+01 2.610702e+02
-9.528694e-06 2.342701e+02 9.392074e+01 2.593431e+02
-9.274166e-06 2.379099e+02 9.537994e+01 2.633724e+02
-9.101920e-06 2.389946e+02 9.581481e+01 2.645732e+02
-9.012533e-06 2.399333e+02 9.619113e+01 2.656124e+02
-8.939101e-06 2.378336e+02 9.534935e+01 2.632880e+02
-8.892143e-06 2.353095e+02 9.433744e+01 2.604938e+02
-8.885103e-06 2.411739e+02 9.668849e+01 2.669857e+02
-8.905179e-06 2.546624e+02 1.020962e+02 2.819179e+02
-8.962008e-06 2.471646e+02 9.909024e+01 2.736177e+02
-9.030039e-06 2.502483e+02 1.003265e+02 2.770314e+02
-9.054667e-06 2.581881e+02 1.035096e+02 2.858210e+02
-9.057664e-06 2.573053e+02 1.031557e+02 2.848437e+02
-9.085634e-06 2.768512e+02 1.109918e+02 3.064815e+02
-9.117607e-06 2.680904e+02 1.074796e+02 2.967831e+02
-9.134163e-06 2.677887e+02 1.073586e+02 2.964490e+02
-9.140937e-06 2.662494e+02 1.067415e+02 2.947450e+02
-9.124379e-06 2.533962e+02 1.015885e+02 2.805162e+02
-9.097023e-06 2.544554e+02 1.020132e+02 2.816887e+02
-9.093959e-06 2.429746e+02 9.741041e+01 2.689792e+02
-9.114276e-06 2.411981e+02 9.669821e+01 2.670126e+02
-9.164256e-06 2.384170e+02 9.558325e+01 2.639338e+02
-9.230593e-06 2.446803e+02 9.809427e+01 2.708675e+02
-9.312854e-06 2.368636e+02 9.496047e+01 2.622141e+02
-9.393764e-06 2.353390e+02 9.434925e+01 2.605264e+02
-9.466066e-06 2.503888e+02 1.003828e+02 2.771869e+02
-9.577175e-06 2.626119e+02 1.052832e+02 2.907182e+02
-9.698917e-06 2.778671e+02 1.113991e+02 3.076061e+02
-9.815939e-06 2.848650e+02 1.142046e+02 3.153530e+02
-9.920437e-06 2.896334e+02 1.161163e+02 3.206317e+02
-1.001599e-05 2.857745e+02 1.145692e+02 3.163598e+02
-1.010200e-05 2.880751e+02 1.154916e+02 3.189066e+02
-1.016391e-05 2.726757e+02 1.093178e+02 3.018592e+02
-1.018967e-05 2.732863e+02 1.095626e+02 3.025350e+02
-1.018384e-05 2.708536e+02 1.085873e+02 2.998419e+02
-1.019038e-05 2.741160e+02 1.098953e+02 3.034536e+02
-1.017031e-05 2.548703e+02 1.021795e+02 2.821481e+02
-1.007444e-05 2.512188e+02 1.007156e+02 2.781057e+02
-9.927683e-06 2.501057e+02 1.002694e+02 2.768736e+02
-9.743600e-06 2.528910e+02 1.013860e+02 2.799569e+02
-9.524777e-06 2.461235e+02 9.867286e+01 2.724652e+02
-9.292024e-06 2.417052e+02 9.690151e+01 2.675740e+02
-9.070303e-06 2.429357e+02 9.739484e+01 2.689362e+02
-8.888182e-06 2.342497e+02 9.391256e+01 2.593206e+02
-8.755476e-06 2.333989e+02 9.357146e+01 2.583787e+02
-8.637269e-06 2.349905e+02 9.420953e+01 2.601406e+02
-8.518448e-06 2.322304e+02 9.310299e+01 2.570851e+02
-8.413852e-06 2.462623e+02 9.872849e+01 2.726188e+02
-8.321812e-06 2.515338e+02 1.008419e+02 2.784544e+02
-8.250621e-06 2.387563e+02 9.571929e+01 2.643095e+02
-8.164960e-06 2.512091e+02 1.007117e+02 2.780950e+02
-8.078882e-06 2.506226e+02 1.004766e+02 2.774458e+02
-8.041274e-06 2.448802e+02 9.817439e+01 2.710887e+02
-8.004871e-06 2.467277e+02 9.891507e+01 2.731340e+02
-7.951213e-06 2.441762e+02 9.789218e+01 2.703095e+02
-7.913738e-06 2.490902e+02 9.986222e+01 2.757494e+02
-7.892542e-06 2.504190e+02 1.003949e+02 2.772203e+02
-7.853572e-06 2.453380e+02 9.835794e+01 2.715956e+02
-7.798576e-06 2.440397e+02 9.783741e+01 2.701583e+02
-7.739849e-06 2.382564e+02 9.551887e+01 2.637561e+02
-7.673162e-06 2.331885e+02 9.348709e+01 2.581457e+02
-7.590374e-06 2.469234e+02 9.899353e+01 2.733506e+02
-7.487910e-06 2.490687e+02 9.985360e+01 2.757256e+02
-7.377841e-06 2.465328e+02 9.883695e+01 2.729183e+02
-7.291654e-06 2.486079e+02 9.966885e+01 2.752154e+02
-7.223509e-06 2.444814e+02 9.801452e+01 2.706473e+02
-7.151445e-06 2.461172e+02 9.867033e+01 2.724582e+02
-7.101709e-06 2.404791e+02 9.640994e+01 2.662166e+02
-7.072578e-06 2.387747e+02 9.572664e+01 2.643298e+02
-7.066300e-06 2.451570e+02 9.828535e+01 2.713952e+02
-7.096521e-06 2.436110e+02 9.766558e+01 2.696838e+02
-7.133890e-06 2.419535e+02 9.700105e+01 2.678488e+02
-7.159406e-06 2.399913e+02 9.621441e+01 2.656767e+02
-7.179582e-06 2.488440e+02 9.976350e+01 2.754768e+02
-7.192115e-06 2.491257e+02 9.987646e+01 2.757887e+02
-7.210123e-06 2.497385e+02 1.001221e+02 2.764670e+02
-7.236724e-06 2.638608e+02 1.057839e+02 2.921008e+02
-7.282746e-06 2.452534e+02 9.832400e+01 2.715019e+02
-7.352627e-06 2.469009e+02 9.898452e+01 2.733258e+02
-7.455109e-06 2.499099e+02 1.001908e+02 2.766567e+02
-7.605664e-06 2.365726e+02 9.484382e+01 2.618921e+02
