#E_pot  E_kin  T  P
-1.972260e-04 7.930627e+02 3.179451e+02 8.779411e+02
-1.989106e-04 7.440906e+02 2.983118e+02 8.237276e+02
-1.995487e-04 7.312605e+02 2.931681e+02 8.095244e+02
-1.995144e-04 7.383809e+02 2.960227e+02 8.174069e+02
-2.017888e-04 6.619004e+02 2.653611e+02 7.327410e+02
-2.059513e-04 7.010527e+02 2.810575e+02 7.760836e+02
-2.091010e-04 6.836259e+02 2.740710e+02 7.567917e+02
-2.108317e-04 7.363511e+02 2.952090e+02 8.151599e+02
-2.158595e-04 7.600969e+02 3.047288e+02 8.414471e+02
-2.263154e-04 7.627672e+02 3.057994e+02 8.444032e+02
-2.404410e-04 7.684321e+02 3.080705e+02 8.506744e+02
-2.575857e-04 7.963481e+02 3.192622e+02 8.815781e+02
-2.881346e-04 7.934629e+02 3.181055e+02 8.783841e+02
-3.409566e-04 7.891525e+02 3.163774e+02 8.736124e+02
-4.120509e-04 7.647428e+02 3.065914e+02 8.465902e+02
-4.893835e-04 8.008945e+02 3.210849e+02 8.866110e+02
-5.776355e-04 8.091844e+02 3.244084e+02 8.957883e+02
-6.757090e-04 8.144211e+02 3.265078e+02 9.015853e+02
-7.710357e-04 7.810570e+02 3.131319e+02 8.646505e+02
-8.230545e-04 7.752798e+02 3.108158e+02 8.582549e+02
-8.474407e-04 7.350235e+02 2.946767e+02 8.136901e+02
-8.836163e-04 7.484369e+02 3.000542e+02 8.285391e+02
-8.915942e-04 7.732197e+02 3.099898e+02 8.559743e+02
-8.305719e-04 7.580532e+02 3.039095e+02 8.391846e+02
-7.446681e-04 7.424400e+02 2.976500e+02 8.219004e+02
-6.459384e-04 7.681899e+02 3.079734e+02 8.504062e+02
-5.115827e-04 7.230651e+02 2.898825e+02 8.004518e+02
-3.900621e-04 7.926180e+02 3.177668e+02 8.774488e+02
-2.976237e-04 7.605900e+02 3.049265e+02 8.419930e+02
-2.321566e-04 7.393680e+02 2.964184e+02 8.184996e+02
-1.938188e-04 8.003242e+02 3.208563e+02 8.859798e+02
-1.717320e-04 8.047252e+02 3.226206e+02 8.908518e+02
-1.544651e-04 8.028889e+02 3.218844e+02 8.888189e+02
-1.413239e-04 7.731524e+02 3.099629e+02 8.558999e+02
-1.316589e-04 7.459128e+02 2.990423e+02 8.257449e+02
-1.218518e-04 7.274419e+02 2.916372e+02 8.052972e+02
-1.140772e-04 7.597312e+02 3.045822e+02 8.410422e+02
-1.093652e-04 7.418271e+02 2.974043e+02 8.212220e+02
-1.053872e-04 7.249153e+02 2.906242e+02 8.025001e+02
-1.013363e-04 7.593229e+02 3.044185e+02 8.405902e+02
-9.814511e-05 8.154153e+02 3.269064e+02 9.026860e+02
-9.607023e-05 7.703626e+02 3.088444e+02 8.528114e+02
-9.552134e-05 8.055052e+02 3.229334e+02 8.917153e+02
-9.589021e-05 8.178844e+02 3.278963e+02 9.054193e+02
-9.621003e-05 8.288535e+02 3.322939e+02 9.175624e+02
-9.748626e-05 7.935294e+02 3.181322e+02 8.784577e+02
-9.935594e-05 7.771070e+02 3.115483e+02 8.602777e+02
-1.011171e-04 7.786289e+02 3.121584e+02 8.619625e+02
-1.036245e-04 8.138795e+02 3.262907e+02 9.009858e+02
-1.071035e-04 8.251279e+02 3.308003e+02 9.134381e+02
-1.129462e-04 8.361640e+02 3.352247e+02 9.256554e+02
-1.223530e-04 7.986930e+02 3.202023e+02 8.841740e+02
-1.338268e-04 7.778517e+02 3.118469e+02 8.611021e+02
-1.425533e-04 7.391328e+02 2.963241e+02 8.182393e+02
-1.479776e-04 6.930214e+02 2.778377e+02 7.671927e+02
-1.540190e-04 7.277325e+02 2.917537e+02 8.056188e+02
-1.600626e-04 7.651699e+02 3.067626e+02 8.470630e+02
-1.654674e-04 7.854652e+02 3.148992e+02 8.695305e+02
-1.705275e-04 8.149822e+02 3.267327e+02 9.022065e+02
-1.736925e-04 7.844797e+02 3.145041e+02 8.684395e+02
-1.723711e-04 8.076186e+02 3.237806e+02 8.940548e+02
-1.704480e-04 7.535313e+02 3.020966e+02 8.341788e+02
-1.689872e-04 7.121664e+02 2.855131e+02 7.883867e+02
-1.642133e-04 6.926993e+02 2.777086e+02 7.668361e+02
-1.559964e-04 7.038351e+02 2.821730e+02 7.791638e+02
-1.477546e-04 7.341001e+02 2.943065e+02 8.126679e+02
-1.433317e-04 7.485358e+02 3.000939e+02 8.286486e+02
-1.386134e-04 7.453180e+02 2.988038e+02 8.250864e+02
-1.284329e-04 7.650115e+02 3.066991e+02 8.468877e+02
-1.184336e-04 7.680692e+02 3.079250e+02 8.502726e+02
-1.110086e-04 7.551412e+02 3.027420e+02 8.359610e+02
-1.046924e-04 7.352336e+02 2.947609e+02 8.139227e+02
-9.989015e-05 7.538731e+02 3.022336e+02 8.345572e+02
-9.648107e-05 8.136278e+02 3.261898e+02 9.007071e+02
-9.285979e-05 7.594379e+02 3.044646e+02 8.407175e+02
-8.824066e-05 7.516612e+02 3.013469e+02 8.321085e+02
-8.376653e-05 7.647645e+02 3.066001e+02 8.466143e+02
-8.103499e-05 7.840434e+02 3.143292e+02 8.679565e+02
-8.079601e-05 7.859345e+02 3.150873e+02 8.700499e+02
-8.153544e-05 7.823948e+02 3.136682e+02 8.661314e+02
-8.265313e-05 7.698678e+02 3.086460e+02 8.522637e+02
-8.558967e-05 7.946399e+02 3.185774e+02 8.796871e+02
-9.171030e-05 7.948925e+02 3.186787e+02 8.799667e+02
-1.022600e-04 7.981897e+02 3.200005e+02 8.836168e+02
-1.182165e-04 7.665973e+02 3.073349e+02 8.486432e+02
-1.387893e-04 7.180240e+02 2.878614e+02 7.948712e+02
-1.689950e-04 7.097106e+02 2.845285e+02 7.856681e+02
-2.168015e-04 7.215556e+02 2.892773e+02 7.987809e+02
-2.677506e-04 7.358042e+02 2.949897e+02 8.145544e+02
-3.348399e-04 7.926325e+02 3.177726e+02 8.774649e+02
-4.411469e-04 7.565889e+02 3.033224e+02 8.375636e+02
-5.622603e-04 7.619510e+02 3.054721e+02 8.434996e+02
-7.044052e-04 7.798227e+02 3.126371e+02 8.632841e+02
-8.631992e-04 7.899771e+02 3.167080e+02 8.745252e+02
-1.031090e-03 8.501931e+02 3.408491e+02 9.411859e+02
-1.229416e-03 8.564413e+02 3.433541e+02 9.481029e+02
-1.487916e-03 8.877011e+02 3.558864e+02 9.827083e+02
-1.775389e-03 8.538963e+02 3.423337e+02 9.452854e+02
-1.959489e-03 8.457602e+02 3.390719e+02 9.362786e+02
-1.984838e-03 8.038335e+02 3.222632e+02 8.898646e+02
-1.858084e-03 7.876428e+02 3.157722e+02 8.719411e+02
-1.537842e-03 7.733167e+02 3.100287e+02 8.560817e+02
-1.208467e-03 7.965877e+02 3.193583e+02 8.818434e+02
-9.969663e-04 8.226248e+02 3.297967e+02 9.106670e+02
-8.543598e-04 8.014108e+02 3.212919e+02 8.871826e+02
-7.181035e-04 7.690603e+02 3.083223e+02 8.513698e+02
-6.072892e-04 7.494178e+02 3.004475e+02 8.296250e+02
-5.255681e-04 7.382605e+02 2.959744e+02 8.172736e+02
-4.611643e-04 7.200650e+02 2.886797e+02 7.971307e+02
-4.264887e-04 7.554990e+02 3.028855e+02 8.363570e+02
-4.029138e-04 7.719503e+02 3.094809e+02 8.545691e+02
-3.775244e-04 7.790663e+02 3.123338e+02 8.624467e+02
-3.482401e-04 8.105333e+02 3.249492e+02 8.972815e+02
-3.105158e-04 7.404748e+02 2.968622e+02 8.197249e+02
-2.708009e-04 7.389994e+02 2.962707e+02 8.180916e+02
-2.353709e-04 7.136971e+02 2.861268e+02 7.900813e+02
-2.087475e-04 7.603471e+02 3.048291e+02 8.417241e+02
-1.939388e-04 7.594740e+02 3.044791e+02 8.407575e+02
-1.902993e-04 7.571176e+02 3.035344e+02 8.381489e+02
-1.824618e-04 7.260033e+02 2.910604e+02 8.037045e+02
-1.674718e-04 6.919805e+02 2.774204e+02 7.660405e+02
-1.524263e-04 6.666090e+02 2.672488e+02 7.379536e+02
-1.369823e-04 7.024978e+02 2.816369e+02 7.776834e+02
-1.234416e-04 6.994190e+02 2.804026e+02 7.742750e+02
-1.127834e-04 6.873259e+02 2.755543e+02 7.608877e+02
-1.051621e-04 7.464708e+02 2.992660e+02 8.263626e+02
-1.017361e-04 7.173824e+02 2.876042e+02 7.941610e+02
-1.024911e-04 6.893026e+02 2.763468e+02 7.630759e+02
-1.066751e-04 6.875000e+02 2.756242e+02 7.610804e+02
-1.145111e-04 6.666406e+02 2.672614e+02 7.379885e+02
-1.219713e-04 6.908084e+02 2.769505e+02 7.647429e+02
-1.249527e-04 6.851547e+02 2.746839e+02 7.584841e+02
-1.249479e-04 6.824200e+02 2.735876e+02 7.554568e+02
-1.224552e-04 7.185858e+02 2.880867e+02 7.954932e+02
-1.184778e-04 7.225349e+02 2.896699e+02 7.998649e+02
-1.134163e-04 7.558370e+02 3.030210e+02 8.367313e+02
-1.078981e-04 7.826621e+02 3.137754e+02 8.664273e+02
-1.015337e-04 7.412229e+02 2.971621e+02 8.205531e+02
-9.562404e-05 7.390264e+02 2.962815e+02 8.181215e+02
-9.104214e-05 7.348539e+02 2.946087e+02 8.135024e+02
-8.827012e-05 7.134776e+02 2.860388e+02 7.898382e+02
-8.657270e-05 7.056328e+02 2.828937e+02 7.811539e+02
-8.433454e-05 7.255361e+02 2.908731e+02 8.031873e+02
-8.146841e-05 7.408275e+02 2.970035e+02 8.201153e+02
-7.978241e-05 7.491540e+02 3.003417e+02 8.293329e+02
-7.958386e-05 7.725835e+02 3.097348e+02 8.552701e+02
-8.014287e-05 7.358794e+02 2.950198e+02 8.146376e+02
-8.236553e-05 7.487349e+02 3.001737e+02 8.288690e+02
-8.646731e-05 7.324632e+02 2.936503e+02 8.108559e+02
-9.233709e-05 7.269861e+02 2.914544e+02 8.047925e+02
-1.002873e-04 7.465674e+02 2.993047e+02 8.264696e+02
-1.107963e-04 7.460310e+02 2.990897e+02 8.258757e+02
-1.223903e-04 7.444449e+02 2.984538e+02 8.241199e+02
-1.340859e-04 7.749673e+02 3.106905e+02 8.579090e+02
-1.451639e-04 8.007877e+02 3.210421e+02 8.864928e+02
-1.519190e-04 7.989386e+02 3.203008e+02 8.844458e+02
-1.565369e-04 8.286716e+02 3.322210e+02 9.173611e+02
-1.630912e-04 8.093099e+02 3.244587e+02 8.959271e+02
-1.616361e-04 7.794506e+02 3.124879e+02 8.628721e+02
-1.520390e-04 7.555110e+02 3.028903e+02 8.363704e+02
-1.380016e-04 7.698936e+02 3.086564e+02 8.522923e+02
-1.222001e-04 7.757746e+02 3.110141e+02 8.588027e+02
-1.094404e-04 7.917735e+02 3.174282e+02 8.765139e+02
-9.917318e-05 7.733924e+02 3.100591e+02 8.561656e+02
-8.916571e-05 8.106365e+02 3.249905e+02 8.973957e+02
-7.990889e-05 8.654700e+02 3.469737e+02 9.580978e+02
-7.192115e-05 7.982626e+02 3.200298e+02 8.836975e+02
-6.500241e-05 7.786316e+02 3.121595e+02 8.619655e+02
-5.980752e-05 7.284321e+02 2.920342e+02 8.063933e+02
-5.576195e-05 7.420006e+02 2.974739e+02 8.214140e+02
-5.187335e-05 7.850328e+02 3.147258e+02 8.690517e+02
-4.843044e-05 7.325212e+02 2.936735e+02 8.109200e+02
-4.533689e-05 7.410996e+02 2.971127e+02 8.204166e+02
-4.219403e-05 7.712242e+02 3.091898e+02 8.537653e+02
-3.900690e-05 7.861587e+02 3.151772e+02 8.702982e+02
-3.620141e-05 7.896432e+02 3.165741e+02 8.741556e+02
-3.425483e-05 7.607624e+02 3.049956e+02 8.421838e+02
-3.291002e-05 7.539741e+02 3.022741e+02 8.346690e+02
-3.194659e-05 7.514111e+02 3.012466e+02 8.318317e+02
-3.139196e-05 7.562362e+02 3.031810e+02 8.371731e+02
-3.108794e-05 8.127536e+02 3.258393e+02 8.997394e+02
-3.096444e-05 8.151602e+02 3.268041e+02 9.024036e+02
-3.093703e-05 7.637846e+02 3.062072e+02 8.455294e+02
-3.102370e-05 7.634885e+02 3.060885e+02 8.452016e+02
-3.126070e-05 7.384657e+02 2.960567e+02 8.175008e+02
-3.164178e-05 7.567170e+02 3.033738e+02 8.377055e+02
-3.235329e-05 7.662459e+02 3.071940e+02 8.482542e+02
-3.352750e-05 7.742702e+02 3.104110e+02 8.571373e+02
-3.491989e-05 7.883655e+02 3.160619e+02 8.727412e+02
-3.620677e-05 7.821539e+02 3.135716e+02 8.658648e+02
-3.710881e-05 8.185157e+02 3.281494e+02 9.061182e+02
-3.747604e-05 8.279765e+02 3.319423e+02 9.165915e+02
-3.804464e-05 8.031664e+02 3.219957e+02 8.891262e+02
-3.895402e-05 7.815600e+02 3.133336e+02 8.652073e+02
-3.974499e-05 7.976780e+02 3.197954e+02 8.830504e+02
-4.046718e-05 7.615597e+02 3.053153e+02 8.430665e+02
-4.083871e-05 7.810231e+02 3.131183e+02 8.646129e+02
-4.091149e-05 7.621463e+02 3.055504e+02 8.437158e+02
-4.126327e-05 7.743166e+02 3.104296e+02 8.571886e+02
-4.217179e-05 7.642769e+02 3.064046e+02 8.460745e+02
-4.274909e-05 7.753236e+02 3.108333e+02 8.583034e+02
-4.247279e-05 7.529222e+02 3.018524e+02 8.335045e+02
-4.234950e-05 7.991594e+02 3.203893e+02 8.846903e+02
-4.244828e-05 7.236483e+02 2.901163e+02 8.010976e+02
-4.182800e-05 7.191636e+02 2.883183e+02 7.961328e+02
-4.049204e-05 7.372447e+02 2.955672e+02 8.161491e+02
-3.874394e-05 7.554552e+02 3.028679e+02 8.363086e+02
-3.653805e-05 7.579729e+02 3.038773e+02 8.390958e+02
-3.407034e-05 7.490678e+02 3.003072e+02 8.292376e+02
-3.194231e-05 7.677159e+02 3.077833e+02 8.498815e+02
-3.046227e-05 8.107701e+02 3.250441e+02 8.975436e+02
-2.911139e-05 8.336725e+02 3.342259e+02 9.228972e+02
-2.794731e-05 8.443992e+02 3.385263e+02 9.347719e+02
-2.702579e-05 8.487535e+02 3.402719e+02 9.395922e+02
-2.628351e-05 8.126141e+02 3.257834e+02 8.995850e+02
-2.601729e-05 7.674485e+02 3.076761e+02 8.495855e+02
-2.599265e-05 7.750893e+02 3.107394e+02 8.580440e+02
-2.583722e-05 7.796761e+02 3.125783e+02 8.631217e+02
-2.564598e-05 7.797378e+02 3.126030e+02 8.631900e+02
-2.548358e-05 7.505708e+02 3.009097e+02 8.309014e+02
-2.553916e-05 7.263155e+02 2.911856e+02 8.040502e+02
-2.580400e-05 7.169195e+02 2.874187e+02 7.936485e+02
-2.604066e-05 7.283794e+02 2.920130e+02 8.063349e+02
-2.625339e-05 7.617174e+02 3.053785e+02 8.432410e+02
-2.620940e-05 7.796228e+02 3.125569e+02 8.630628e+02
-2.612670e-05 7.815437e+02 3.133270e+02 8.651892e+02
-2.613382e-05 7.528887e+02 3.018390e+02 8.334674e+02
-2.605042e-05 7.811115e+02 3.131537e+02 8.647108e+02
-2.594137e-05 8.013774e+02 3.212785e+02 8.871457e+02
-2.579696e-05 7.532942e+02 3.020016e+02 8.339163e+02
-2.581857e-05 7.696640e+02 3.085644e+02 8.520381e+02
-2.576114e-05 7.596504e+02 3.045498e+02 8.409528e+02
-2.540132e-05 7.789372e+02 3.122820e+02 8.623038e+02
-2.477068e-05 7.396073e+02 2.965144e+02 8.187645e+02
-2.389033e-05 7.590811e+02 3.043216e+02 8.403225e+02
-2.282927e-05 7.249983e+02 2.906575e+02 8.025920e+02
-2.182076e-05 7.508402e+02 3.010177e+02 8.311997e+02
-2.114528e-05 7.542325e+02 3.023777e+02 8.349551e+02
-2.074168e-05 7.708558e+02 3.090421e+02 8.533574e+02
-2.046933e-05 7.671937e+02 3.075740e+02 8.493034e+02
-2.022565e-05 7.821700e+02 3.135781e+02 8.658825e+02
-2.011763e-05 7.735016e+02 3.101028e+02 8.562864e+02
-2.007351e-05 8.086155e+02 3.241803e+02 8.951585e+02
-1.999395e-05 7.979473e+02 3.199033e+02 8.833485e+02
-1.986303e-05 7.798385e+02 3.126434e+02 8.633015e+02
-1.961427e-05 8.046690e+02 3.225981e+02 8.907895e+02
-1.944093e-05 8.238030e+02 3.302691e+02 9.119713e+02
-1.948309e-05 8.709027e+02 3.491517e+02 9.641120e+02
-1.957112e-05 8.320039e+02 3.335569e+02 9.210500e+02
-1.958665e-05 8.070449e+02 3.235506e+02 8.934197e+02
-1.965945e-05 8.212265e+02 3.292362e+02 9.091191e+02
-1.977283e-05 7.878493e+02 3.158550e+02 8.721697e+02
-1.986384e-05 8.021923e+02 3.216052e+02 8.880477e+02
-1.996429e-05 8.411803e+02 3.372358e+02 9.312085e+02
-1.995580e-05 8.642797e+02 3.464965e+02 9.567801e+02
-1.978596e-05 8.232590e+02 3.300510e+02 9.113692e+02
-1.973203e-05 8.210335e+02 3.291588e+02 9.089054e+02
-1.970309e-05 8.634636e+02 3.461693e+02 9.558767e+02
-1.951377e-05 8.735837e+02 3.502266e+02 9.670800e+02
-1.925609e-05 8.438733e+02 3.383154e+02 9.341898e+02
-1.899123e-05 7.970218e+02 3.195323e+02 8.823239e+02
-1.866172e-05 7.432902e+02 2.979909e+02 8.228416e+02
-1.828881e-05 7.428431e+02 2.978116e+02 8.223467e+02
-1.804187e-05 7.762724e+02 3.112137e+02 8.593537e+02
-1.788259e-05 7.803065e+02 3.128310e+02 8.638196e+02
-1.775819e-05 7.768093e+02 3.114290e+02 8.599482e+02
-1.762538e-05 7.725242e+02 3.097110e+02 8.552045e+02
-1.755540e-05 7.797834e+02 3.126213e+02 8.632405e+02
-1.759120e-05 7.822541e+02 3.136118e+02 8.659757e+02
-1.761432e-05 7.901291e+02 3.167690e+02 8.746935e+02
-1.761712e-05 7.754017e+02 3.108646e+02 8.583899e+02
-1.766120e-05 8.344485e+02 3.345369e+02 9.237562e+02
-1.763088e-05 8.252898e+02 3.308652e+02 9.136173e+02
-1.749750e-05 8.221102e+02 3.295904e+02 9.100974e+02
-1.736937e-05 7.928861e+02 3.178742e+02 8.777455e+02
-1.726912e-05 7.777421e+02 3.118029e+02 8.609807e+02
-1.721879e-05 7.587877e+02 3.042039e+02 8.399977e+02
-1.724337e-05 7.584831e+02 3.040818e+02 8.396605e+02
-1.738404e-05 7.338602e+02 2.942103e+02 8.124024e+02
-1.765658e-05 7.347132e+02 2.945523e+02 8.133466e+02
-1.801381e-05 7.426603e+02 2.977383e+02 8.221443e+02
-1.827460e-05 7.435369e+02 2.980898e+02 8.231147e+02
-1.838814e-05 7.315019e+02 2.932649e+02 8.097917e+02
-1.845162e-05 7.429540e+02 2.978561e+02 8.224694e+02
-1.842515e-05 7.065814e+02 2.832740e+02 7.822040e+02
-1.835941e-05 7.547207e+02 3.025735e+02 8.354955e+02
-1.829793e-05 7.535321e+02 3.020969e+02 8.341796e+02
-1.831287e-05 7.492798e+02 3.003922e+02 8.294723e+02
-1.856232e-05 7.044137e+02 2.824050e+02 7.798043e+02
-1.898842e-05 7.149487e+02 2.866286e+02 7.914669e+02
-1.944034e-05 7.359625e+02 2.950531e+02 8.147296e+02
-2.000118e-05 7.527023e+02 3.017643e+02 8.332611e+02
-2.093536e-05 7.446220e+02 2.985248e+02 8.243160e+02
-2.224889e-05 7.917911e+02 3.174353e+02 8.765334e+02
-2.370528e-05 7.523850e+02 3.016371e+02 8.329098e+02
-2.514881e-05 8.179746e+02 3.279324e+02 9.055192e+02
-2.676348e-05 8.621707e+02 3.456510e+02 9.544454e+02
-2.855152e-05 8.400357e+02 3.367769e+02 9.299414e+02
-3.015294e-05 8.395553e+02 3.365843e+02 9.294096e+02
-3.146117e-05 7.997460e+02 3.206244e+02 8.853396e+02
-3.294309e-05 8.146648e+02 3.266055e+02 9.018551e+02
-3.450688e-05 8.124469e+02 3.257163e+02 8.993998e+02
-3.528012e-05 7.985458e+02 3.201433e+02 8.840110e+02
-3.519123e-05 7.917435e+02 3.174162e+02 8.764806e+02
-3.451824e-05 8.142232e+02 3.264285e+02 9.013663e+02
-3.379800e-05 8.279763e+02 3.319422e+02 9.165913e+02
-3.377934e-05 8.055199e+02 3.229392e+02 8.917315e+02
-3.414624e-05 7.516683e+02 3.013497e+02 8.321164e+02
-3.453979e-05 7.315030e+02 2.932653e+02 8.097929e+02
-3.477106e-05 7.550307e+02 3.026977e+02 8.358387e+02
-3.491476e-05 7.377292e+02 2.957614e+02 8.166855e+02
-3.497828e-05 6.952563e+02 2.787337e+02 7.696668e+02
-3.428197e-05 6.703130e+02 2.687337e+02 7.420539e+02
-3.297446e-05 7.241661e+02 2.903239e+02 8.016707e+02
-3.179019e-05 7.053279e+02 2.827715e+02 7.808164e+02
-3.113814e-05 6.578326e+02 2.637302e+02 7.282378e+02
-3.073381e-05 6.717855e+02 2.693241e+02 7.436840e+02
-3.045127e-05 6.913077e+02 2.771507e+02 7.652957e+02
-3.045841e-05 6.849739e+02 2.746114e+02 7.582839e+02
-3.079778e-05 6.930638e+02 2.778547e+02 7.672397e+02
-3.090555e-05 6.820638e+02 2.734447e+02 7.550624e+02
-3.067481e-05 6.982094e+02 2.799176e+02 7.729360e+02
-3.040850e-05 7.167753e+02 2.873609e+02 7.934889e+02
-3.018403e-05 7.181279e+02 2.879031e+02 7.949863e+02
-3.044829e-05 7.388980e+02 2.962300e+02 8.179793e+02
-3.108003e-05 7.807074e+02 3.129917e+02 8.642634e+02
-3.180324e-05 7.738657e+02 3.102488e+02 8.566894e+02
-3.209918e-05 7.920834e+02 3.175524e+02 8.768569e+02
-3.188770e-05 7.725927e+02 3.097385e+02 8.552802e+02
-3.165172e-05 8.093658e+02 3.244811e+02 8.959890e+02
-3.091546e-05 8.394428e+02 3.365392e+02 9.292850e+02
-3.007726e-05 8.111017e+02 3.251770e+02 8.979107e+02
-2.941708e-05 8.250372e+02 3.307639e+02 9.133377e+02
-2.866838e-05 7.988485e+02 3.202646e+02 8.843461e+02
-2.799993e-05 7.386922e+02 2.961475e+02 8.177515e+02
-2.745080e-05 7.307829e+02 2.929766e+02 8.089957e+02
-2.717465e-05 7.179989e+02 2.878514e+02 7.948434e+02
-2.706062e-05 7.084411e+02 2.840196e+02 7.842627e+02
-2.688231e-05 7.206606e+02 2.889185e+02 7.977900e+02
-2.663589e-05 6.899807e+02 2.766187e+02 7.638266e+02
-2.640774e-05 7.406178e+02 2.969195e+02 8.198832e+02
-2.619275e-05 7.295376e+02 2.924773e+02 8.076171e+02
-2.606941e-05 7.324329e+02 2.936381e+02 8.108223e+02
-2.615723e-05 7.555962e+02 3.029244e+02 8.364646e+02
-2.618466e-05 7.669635e+02 3.074817e+02 8.490485e+02
-2.612891e-05 8.186623e+02 3.282081e+02 9.062804e+02
-2.643005e-05 8.472975e+02 3.396882e+02 9.379805e+02
-2.710304e-05 8.516584e+02 3.414365e+02 9.428081e+02
-2.798181e-05 8.330230e+02 3.339655e+02 9.221782e+02
-2.878345e-05 8.019069e+02 3.214908e+02 8.877318e+02
-2.951572e-05 8.066224e+02 3.233813e+02 8.929520e+02
-3.058220e-05 8.294946e+02 3.325509e+02 9.182721e+02
-3.152897e-05 7.973857e+02 3.196782e+02 8.827267e+02
-3.207098e-05 7.811519e+02 3.131699e+02 8.647556e+02
-3.222582e-05 7.653782e+02 3.068461e+02 8.472936e+02
-3.185153e-05 7.737627e+02 3.102075e+02 8.565755e+02
-3.110751e-05 8.186730e+02 3.282124e+02 9.062923e+02
-3.015192e-05 8.418017e+02 3.374849e+02 9.318964e+02
-2.896786e-05 8.465002e+02 3.393686e+02 9.370977e+02
-2.785646e-05 8.262321e+02 3.312429e+02 9.146604e+02
-2.720363e-05 7.941083e+02 3.183642e+02 8.790986e+02
-2.684779e-05 7.702513e+02 3.087998e+02 8.526883e+02
-2.643649e-05 7.936201e+02 3.181685e+02 8.785581e+02
-2.580780e-05 7.843875e+02 3.144671e+02 8.683374e+02
-2.500713e-05 7.910974e+02 3.171572e+02 8.757654e+02
-2.416046e-05 8.013558e+02 3.212698e+02 8.871218e+02
-2.329985e-05 7.900334e+02 3.167306e+02 8.745876e+02
-2.250241e-05 7.870944e+02 3.155523e+02 8.713340e+02
-2.188785e-05 8.248590e+02 3.306925e+02 9.131404e+02
-2.141346e-05 8.467548e+02 3.394707e+02 9.373796e+02
-2.095599e-05 8.715825e+02 3.494243e+02 9.648646e+02
-2.050497e-05 8.334109e+02 3.341210e+02 9.226076e+02
-2.027503e-05 8.577184e+02 3.438660e+02 9.495166e+02
-2.031719e-05 8.508232e+02 3.411017e+02 9.418834e+02
-2.050452e-05 7.996414e+02 3.205825e+02 8.852238e+02
-2.088008e-05 8.043323e+02 3.224631e+02 8.904168e+02
-2.135150e-05 7.821433e+02 3.135674e+02 8.658530e+02
-2.192200e-05 7.461813e+02 2.991499e+02 8.260421e+02
-2.264474e-05 7.343638e+02 2.944122e+02 8.129599e+02
-2.341448e-05 7.203608e+02 2.887983e+02 7.974581e+02
-2.416012e-05 7.551814e+02 3.027581e+02 8.360054e+02
-2.489365e-05 7.136375e+02 2.861029e+02 7.900153e+02
-2.536839e-05 7.260975e+02 2.910982e+02 8.038089e+02
-2.554094e-05 7.280403e+02 2.918771e+02 8.059596e+02
-2.564063e-05 7.304835e+02 2.928566e+02 8.086642e+02
-2.540671e-05 7.324356e+02 2.936392e+02 8.108253e+02
-2.501371e-05 7.512048e+02 3.011639e+02 8.316033e+02
-2.475302e-05 7.573864e+02 3.036422e+02 8.384465e+02
-2.436134e-05 7.510727e+02 3.011109e+02 8.314570e+02
-2.386409e-05 7.241306e+02 2.903096e+02 8.016314e+02
-2.343977e-05 7.362996e+02 2.951883e+02 8.151029e+02
-2.286347e-05 7.394654e+02 2.964575e+02 8.186075e+02
-2.212719e-05 7.567651e+02 3.033931e+02 8.377587e+02
-2.143035e-05 7.659750e+02 3.070854e+02 8.479542e+02
-2.085133e-05 7.706297e+02 3.089515e+02 8.531071e+02
-2.006463e-05 7.472929e+02 2.995956e+02 8.272727e+02
-1.920407e-05 7.666341e+02 3.073496e+02 8.486839e+02
-1.850656e-05 7.386162e+02 2.961170e+02 8.176674e+02
-1.774365e-05 7.569296e+02 3.034590e+02 8.379408e+02
-1.694703e-05 7.640299e+02 3.063056e+02 8.458010e+02
-1.617931e-05 7.457388e+02 2.989725e+02 8.255523e+02
-1.536805e-05 7.443256e+02 2.984060e+02 8.239879e+02
-1.461794e-05 7.038549e+02 2.821809e+02 7.791857e+02
-1.399305e-05 6.585556e+02 2.640201e+02 7.290382e+02
-1.350385e-05 6.446119e+02 2.584300e+02 7.136022e+02
-1.314643e-05 6.609267e+02 2.649707e+02 7.316631e+02
-1.281808e-05 6.919093e+02 2.773919e+02 7.659617e+02
-1.249513e-05 6.983723e+02 2.799829e+02 7.731164e+02
-1.224455e-05 7.126274e+02 2.856979e+02 7.888970e+02
-1.207405e-05 6.885713e+02 2.760536e+02 7.622663e+02
-1.201323e-05 6.832730e+02 2.739295e+02 7.564010e+02
-1.205614e-05 7.003658e+02 2.807821e+02 7.753232e+02
-1.216220e-05 7.332033e+02 2.939470e+02 8.116751e+02
-1.223748e-05 7.027784e+02 2.817494e+02 7.779940e+02
-1.228814e-05 7.261875e+02 2.911343e+02 8.039085e+02
-1.240889e-05 7.537649e+02 3.021903e+02 8.344374e+02
-1.264162e-05 7.890083e+02 3.163196e+02 8.734527e+02
-1.305238e-05 7.956025e+02 3.189633e+02 8.807527e+02
-1.359805e-05 7.909085e+02 3.170814e+02 8.755563e+02
-1.415633e-05 7.974102e+02 3.196880e+02 8.827539e+02
-1.477183e-05 7.811550e+02 3.131712e+02 8.647589e+02
-1.549561e-05 7.952469e+02 3.188207e+02 8.803591e+02
-1.632520e-05 7.964190e+02 3.192906e+02 8.816566e+02
-1.729851e-05 8.371065e+02 3.356026e+02 9.266987e+02
-1.848942e-05 8.936016e+02 3.582519e+02 9.892402e+02
-1.984369e-05 8.580697e+02 3.440069e+02 9.499055e+02
-2.132372e-05 8.571383e+02 3.436335e+02 9.488744e+02
-2.287872e-05 8.242913e+02 3.304648e+02 9.125119e+02
-2.450075e-05 7.763031e+02 3.112260e+02 8.593878e+02
-2.617059e-05 7.560038e+02 3.030879e+02 8.369159e+02
-2.723329e-05 7.584131e+02 3.040538e+02 8.395831e+02
-2.820196e-05 7.531066e+02 3.019263e+02 8.337086e+02
-2.974371e-05 7.777447e+02 3.118039e+02 8.609836e+02
-3.131889e-05 7.639201e+02 3.062616e+02 8.456795e+02
-3.293147e-05 7.499035e+02 3.006422e+02 8.301627e+02
-3.475002e-05 7.290581e+02 2.922851e+02 8.070864e+02
-3.712685e-05 7.704179e+02 3.088666e+02 8.528727e+02
-4.054816e-05 7.599483e+02 3.046692e+02 8.412826e+02
-4.390117e-05 7.596580e+02 3.045528e+02 8.409611e+02
-4.694403e-05 7.577623e+02 3.037929e+02 8.388626e+02
-5.112440e-05 7.580690e+02 3.039158e+02 8.392021e+02
-5.590839e-05 7.112220e+02 2.851345e+02 7.873413e+02
-5.946604e-05 7.210564e+02 2.890772e+02 7.982282e+02
-6.368822e-05 7.419235e+02 2.974430e+02 8.213287e+02
-7.043588e-05 7.171442e+02 2.875087e+02 7.938973e+02
-7.778111e-05 7.299300e+02 2.926347e+02 8.080515e+02
-8.368844e-05 7.178762e+02 2.878022e+02 7.947077e+02
-8.854508e-05 6.642597e+02 2.663069e+02 7.353528e+02
-9.490592e-05 7.022912e+02 2.815540e+02 7.774546e+02
-1.035573e-04 6.940350e+02 2.782441e+02 7.683149e+02
-1.104348e-04 6.952559e+02 2.787335e+02 7.696664e+02
-1.181774e-04 6.944159e+02 2.783968e+02 7.687365e+02
-1.295852e-04 6.379580e+02 2.557624e+02 7.062362e+02
-1.381925e-04 6.412797e+02 2.570941e+02 7.099133e+02
-1.443543e-04 6.611812e+02 2.650727e+02 7.319448e+02
-1.550069e-04 6.550980e+02 2.626339e+02 7.252106e+02
-1.722893e-04 6.971895e+02 2.795087e+02 7.718069e+02
-1.978205e-04 7.177460e+02 2.877500e+02 7.945636e+02
-2.338922e-04 7.593481e+02 3.044286e+02 8.406182e+02
-2.758512e-04 7.817991e+02 3.134294e+02 8.654720e+02
-3.223063e-04 7.878197e+02 3.158431e+02 8.721370e+02
-3.686805e-04 7.466898e+02 2.993538e+02 8.266050e+02
-4.242797e-04 7.528403e+02 3.018196e+02 8.334139e+02
-4.977222e-04 7.526042e+02 3.017249e+02 8.331525e+02
-5.825353e-04 7.591068e+02 3.043319e+02 8.403510e+02
-6.805273e-04 7.471293e+02 2.995300e+02 8.270916e+02
-7.881417e-04 7.521025e+02 3.015238e+02 8.325971e+02
-9.106821e-04 7.823159e+02 3.136366e+02 8.660440e+02
-1.012790e-03 7.563275e+02 3.032176e+02 8.372742e+02
-1.092923e-03 7.930268e+02 3.179307e+02 8.779013e+02
-1.214590e-03 7.988392e+02 3.202609e+02 8.843358e+02
-1.405262e-03 8.204823e+02 3.289378e+02 9.082952e+02
-1.545869e-03 8.236097e+02 3.301916e+02 9.117574e+02
-1.547141e-03 8.530056e+02 3.419766e+02 9.442994e+02
-1.493293e-03 8.309326e+02 3.331274e+02 9.198641e+02
-1.371086e-03 8.720512e+02 3.496122e+02 9.653834e+02
-1.184687e-03 8.286930e+02 3.322295e+02 9.173847e+02
-1.025425e-03 8.580994e+02 3.440188e+02 9.499384e+02
-8.665574e-04 8.059550e+02 3.231137e+02 8.922131e+02
-6.919500e-04 7.893561e+02 3.164590e+02 8.738377e+02
-5.386372e-04 7.516154e+02 3.013285e+02 8.320578e+02
-4.143132e-04 7.301523e+02 2.927238e+02 8.082976e+02
-3.335516e-04 7.009680e+02 2.810236e+02 7.759898e+02
-2.905725e-04 7.105135e+02 2.848505e+02 7.865570e+02
-2.639319e-04 6.892892e+02 2.763415e+02 7.630611e+02
-2.484159e-04 6.874209e+02 2.755924e+02 7.609928e+02
-2.463948e-04 6.496377e+02 2.604449e+02 7.191659e+02
-2.421906e-04 6.661223e+02 2.670537e+02 7.374147e+02
-2.336913e-04 6.687466e+02 2.681058e+02 7.403199e+02
-2.367388e-04 6.845950e+02 2.744595e+02 7.578645e+02
-2.490529e-04 7.047738e+02 2.825493e+02 7.802030e+02
-2.631996e-04 6.879907e+02 2.758209e+02 7.616236e+02
-2.797517e-04 6.783958e+02 2.719742e+02 7.510018e+02
-2.824557e-04 6.944366e+02 2.784051e+02 7.687594e+02
-2.665878e-04 7.320304e+02 2.934767e+02 8.103768e+02
-2.426293e-04 7.344344e+02 2.944405e+02 8.130380e+02
-2.235402e-04 7.586253e+02 3.041388e+02 8.398179e+02
-2.140897e-04 7.605251e+02 3.049005e+02 8.419211e+02
-1.918188e-04 7.897589e+02 3.166205e+02 8.742837e+02
-1.632670e-04 8.099160e+02 3.247017e+02 8.965981e+02
-1.461984e-04 8.236702e+02 3.302158e+02 9.118244e+02
-1.372975e-04 8.172509e+02 3.276423e+02 9.047181e+02
-1.333887e-04 7.654862e+02 3.068894e+02 8.474131e+02
-1.317253e-04 8.163672e+02 3.272880e+02 9.037398e+02
-1.337590e-04 8.037523e+02 3.222306e+02 8.897747e+02
-1.410821e-04 7.729905e+02 3.098980e+02 8.557206e+02
-1.551045e-04 7.379144e+02 2.958357e+02 8.168904e+02
-1.724521e-04 7.467746e+02 2.993878e+02 8.266990e+02
-1.860247e-04 7.072014e+02 2.835226e+02 7.828904e+02
-1.989335e-04 7.129800e+02 2.858393e+02 7.892874e+02
-2.076132e-04 6.692858e+02 2.683219e+02 7.409168e+02
-2.156255e-04 6.708817e+02 2.689617e+02 7.426835e+02
-2.334103e-04 6.505085e+02 2.607940e+02 7.201299e+02
-2.453214e-04 6.596809e+02 2.644712e+02 7.302839e+02
-2.562757e-04 6.811320e+02 2.730712e+02 7.540309e+02
-2.666838e-04 7.255851e+02 2.908928e+02 8.032416e+02
-2.588713e-04 7.479098e+02 2.998429e+02 8.279556e+02
-2.563190e-04 7.863382e+02 3.152492e+02 8.704969e+02
-2.587450e-04 8.031925e+02 3.220062e+02 8.891551e+02
-2.471272e-04 8.501462e+02 3.408303e+02 9.411340e+02
-2.227059e-04 8.543839e+02 3.425292e+02 9.458252e+02
-2.116345e-04 8.061220e+02 3.231806e+02 8.923980e+02
-2.119403e-04 7.964410e+02 3.192994e+02 8.816809e+02
-2.020741e-04 8.230150e+02 3.299532e+02 9.110990e+02
-1.861695e-04 8.187497e+02 3.282432e+02 9.063772e+02
-1.693245e-04 8.014614e+02 3.213122e+02 8.872387e+02
-1.535924e-04 7.708652e+02 3.090459e+02 8.533679e+02
-1.383369e-04 7.859569e+02 3.150963e+02 8.700748e+02
-1.260681e-04 7.897711e+02 3.166254e+02 8.742972e+02
-1.202207e-04 7.656216e+02 3.069437e+02 8.475630e+02
-1.175213e-04 7.199381e+02 2.886288e+02 7.969903e+02
-1.193993e-04 7.228976e+02 2.898153e+02 8.002665e+02
-1.216666e-04 7.265128e+02 2.912647e+02 8.042686e+02
-1.160798e-04 7.367858e+02 2.953832e+02 8.156411e+02
-1.054002e-04 7.507609e+02 3.009860e+02 8.311119e+02
-9.591229e-05 8.044455e+02 3.225085e+02 8.905421e+02
-9.088444e-05 8.193019e+02 3.284645e+02 9.069885e+02
-8.860232e-05 7.762908e+02 3.112211e+02 8.593741e+02
-8.605979e-05 8.110573e+02 3.251592e+02 8.978616e+02
-8.585845e-05 8.225905e+02 3.297830e+02 9.106291e+02
-8.858465e-05 8.116983e+02 3.254162e+02 8.985712e+02
-9.160283e-05 8.111261e+02 3.251868e+02 8.979377e+02
-9.449614e-05 8.032893e+02 3.220450e+02 8.892622e+02
-9.687699e-05 8.105276e+02 3.249469e+02 8.972751e+02
-9.934989e-05 8.267578e+02 3.314537e+02 9.152425e+02
-1.000843e-04 8.462478e+02 3.392674e+02 9.368184e+02
-9.774317e-05 8.310334e+02 3.331678e+02 9.199756e+02
-9.626657e-05 8.388560e+02 3.363039e+02 9.286354e+02
-9.669675e-05 7.883074e+02 3.160386e+02 8.726768e+02
-9.300835e-05 7.710509e+02 3.091203e+02 8.535734e+02
-8.533244e-05 7.865265e+02 3.153247e+02 8.707054e+02
-7.825446e-05 7.610250e+02 3.051009e+02 8.424745e+02
-7.131083e-05 7.991247e+02 3.203754e+02 8.846518e+02
-6.654906e-05 7.828564e+02 3.138533e+02 8.666425e+02
-6.299925e-05 7.246304e+02 2.905100e+02 8.021848e+02
-5.830893e-05 7.395505e+02 2.964916e+02 8.187017e+02
-5.396191e-05 7.327948e+02 2.937832e+02 8.112229e+02
-4.946482e-05 7.475019e+02 2.996794e+02 8.275041e+02
-4.476870e-05 7.975351e+02 3.197381e+02 8.828921e+02
-3.994327e-05 8.183682e+02 3.280902e+02 9.059549e+02
-3.529637e-05 8.020160e+02 3.215345e+02 8.878526e+02
-3.129065e-05 8.072496e+02 3.236327e+02 8.936463e+02
-2.848555e-05 8.051640e+02 3.227966e+02 8.913376e+02
-2.655727e-05 7.660590e+02 3.071191e+02 8.480473e+02
-2.445198e-05 7.473664e+02 2.996251e+02 8.273541e+02
-2.247281e-05 7.649936e+02 3.066920e+02 8.468679e+02
-2.119242e-05 6.922896e+02 2.775443e+02 7.663826e+02
-2.013338e-05 7.056524e+02 2.829016e+02 7.811756e+02
-1.899126e-05 7.272586e+02 2.915637e+02 8.050942e+02
-1.792844e-05 7.744556e+02 3.104853e+02 8.573425e+02
-1.703350e-05 7.784405e+02 3.120829e+02 8.617539e+02
-1.613740e-05 7.573992e+02 3.036473e+02 8.384607e+02
-1.511540e-05 7.508193e+02 3.010094e+02 8.311766e+02
-1.434153e-05 7.380177e+02 2.958771e+02 8.170048e+02
-1.380353e-05 7.543446e+02 3.024227e+02 8.350791e+02
-1.312703e-05 7.453552e+02 2.988187e+02 8.251276e+02
-1.248073e-05 7.256589e+02 2.909224e+02 8.033233e+02
-1.198988e-05 7.294572e+02 2.924451e+02 8.075281e+02
-1.140426e-05 7.745703e+02 3.105313e+02 8.574695e+02
-1.079923e-05 7.653618e+02 3.068395e+02 8.472754e+02
-1.026588e-05 7.406517e+02 2.969331e+02 8.199207e+02
-9.860196e-06 7.105519e+02 2.848658e+02 7.865995e+02
-9.580512e-06 7.397575e+02 2.965746e+02 8.189308e+02
-9.338471e-06 6.986475e+02 2.800933e+02 7.734210e+02
-9.216609e-06 7.066992e+02 2.833213e+02 7.823344e+02
-9.172866e-06 7.234184e+02 2.900241e+02 8.008430e+02
-9.109906e-06 7.657497e+02 3.069951e+02 8.477049e+02
-9.092542e-06 7.249777e+02 2.906493e+02 8.025692e+02
-9.087007e-06 7.443057e+02 2.983980e+02 8.239658e+02
-9.032567e-06 7.439052e+02 2.982374e+02 8.235224e+02
-8.989806e-06 7.105227e+02 2.848541e+02 7.865671e+02
-8.919481e-06 7.349034e+02 2.946286e+02 8.135572e+02
-8.810182e-06 7.152956e+02 2.867676e+02 7.918509e+02
-8.805806e-06 7.303135e+02 2.927884e+02 8.084761e+02
-8.884863e-06 7.451959e+02 2.987549e+02 8.249512e+02
-8.948909e-06 7.646166e+02 3.065408e+02 8.464505e+02
-8.935899e-06 7.754437e+02 3.108815e+02 8.584363e+02
-8.836463e-06 7.430546e+02 2.978964e+02 8.225808e+02
-8.710678e-06 7.426076e+02 2.977172e+02 8.220859e+02
-8.546341e-06 7.396255e+02 2.965217e+02 8.187847e+02
-8.336818e-06 7.826686e+02 3.137780e+02 8.664345e+02
-8.145589e-06 7.693266e+02 3.084291e+02 8.516646e+02
-8.016066e-06 7.768152e+02 3.114313e+02 8.599546e+02
-7.911408e-06 8.110653e+02 3.251625e+02 8.978705e+02
-7.806013e-06 8.378118e+02 3.358853e+02 9.274795e+02
-7.713820e-06 8.246407e+02 3.306049e+02 9.128987e+02
-7.618956e-06 8.243996e+02 3.305083e+02 9.126318e+02
-7.548479e-06 8.427188e+02 3.378526e+02 9.329117e+02
-7.493694e-06 8.506323e+02 3.410252e+02 9.416721e+02
-7.424990e-06 8.544101e+02 3.425397e+02 9.458542e+02
-7.404209e-06 8.528013e+02 3.418948e+02 9.440733e+02
-7.420969e-06 8.437476e+02 3.382650e+02 9.340506e+02
-7.430454e-06 8.424669e+02 3.377516e+02 9.326328e+02
-7.451893e-06 7.790328e+02 3.123204e+02 8.624096e+02
-7.502033e-06 7.746522e+02 3.105641e+02 8.575601e+02
-7.527141e-06 7.745073e+02 3.105061e+02 8.573998e+02
-7.533779e-06 7.638859e+02 3.062478e+02 8.456416e+02
-7.534772e-06 8.144706e+02 3.265277e+02 9.016402e+02
-7.531450e-06 7.941420e+02 3.183777e+02 8.791358e+02
-7.551025e-06 8.260344e+02 3.311637e+02 9.144416e+02
-7.563798e-06 8.196202e+02 3.285922e+02 9.073409e+02
-7.493013e-06 8.024504e+02 3.217087e+02 8.883335e+02
-7.351816e-06 8.370104e+02 3.355640e+02 9.265923e+02
-7.218275e-06 8.113827e+02 3.252897e+02 8.982218e+02
-7.098828e-06 8.116671e+02 3.254037e+02 8.985367e+02
-7.010677e-06 7.896455e+02 3.165751e+02 8.741582e+02
-6.967816e-06 7.680215e+02 3.079059e+02 8.502198e+02
-6.958234e-06 7.447386e+02 2.985716e+02 8.244451e+02
-6.940685e-06 7.240010e+02 2.902577e+02 8.014879e+02
-6.910239e-06 7.493706e+02 3.004286e+02 8.295728e+02
-6.901062e-06 7.550930e+02 3.027227e+02 8.359076e+02
-6.959526e-06 7.090653e+02 2.842698e+02 7.849538e+02
-7.096218e-06 7.080800e+02 2.838748e+02 7.838630e+02
-7.251283e-06 6.998020e+02 2.805561e+02 7.746991e+02
-7.344601e-06 6.665813e+02 2.672377e+02 7.379228e+02
-7.359048e-06 6.711005e+02 2.690495e+02 7.429257e+02
-7.362978e-06 6.859827e+02 2.750159e+02 7.594007e+02
-7.372016e-06 6.577243e+02 2.636868e+02 7.281179e+02
-7.381051e-06 6.311778e+02 2.530441e+02 6.987302e+02
-7.400331e-06 6.747557e+02 2.705149e+02 7.469721e+02
-7.437293e-06 7.084830e+02 2.840364e+02 7.843091e+02
-7.440980e-06 6.734359e+02 2.699857e+02 7.455110e+02
-7.409497e-06 6.909278e+02 2.769984e+02 7.648751e+02
-7.402982e-06 7.280202e+02 2.918690e+02 8.059373e+02
-7.457562e-06 7.820437e+02 3.135275e+02 8.657427e+02
-7.530009e-06 7.141085e+02 2.862917e+02 7.905367e+02
-7.587830e-06 6.863021e+02 2.751439e+02 7.597543e+02
-7.654841e-06 7.036519e+02 2.820996e+02 7.789610e+02
-7.739031e-06 7.060611e+02 2.830654e+02 7.816280e+02
-7.842392e-06 7.332566e+02 2.939683e+02 8.117342e+02
-7.956574e-06 7.177705e+02 2.877598e+02 7.945906e+02
-8.126260e-06 7.653269e+02 3.068256e+02 8.472368e+02
-8.329996e-06 7.421776e+02 2.975448e+02 8.216099e+02
-8.561537e-06 7.470189e+02 2.994857e+02 8.269694e+02
-8.760433e-06 7.378230e+02 2.957990e+02 8.167892e+02
-8.890640e-06 7.103245e+02 2.847747e+02 7.863477e+02
-9.045991e-06 6.989968e+02 2.802333e+02 7.738076e+02
-9.241524e-06 6.557555e+02 2.628975e+02 7.259385e+02
-9.491326e-06 6.181717e+02 2.478299e+02 6.843322e+02
-9.776995e-06 6.351548e+02 2.546385e+02 7.031329e+02
-1.002684e-05 6.359884e+02 2.549727e+02 7.040557e+02
-1.024575e-05 6.408905e+02 2.569380e+02 7.094825e+02
-1.050108e-05 6.782504e+02 2.719159e+02 7.508408e+02
-1.077875e-05 7.118677e+02 2.853933e+02 7.880561e+02
-1.105919e-05 6.716161e+02 2.692562e+02 7.434965e+02
-1.145211e-05 7.067215e+02 2.833302e+02 7.823591e+02
-1.180269e-05 7.165445e+02 2.872683e+02 7.932334e+02
-1.201249e-05 7.494871e+02 3.004753e+02 8.297018e+02
-1.216905e-05 7.442191e+02 2.983633e+02 8.238699e+02
-1.226856e-05 7.024434e+02 2.816151e+02 7.776232e+02
-1.244459e-05 7.439434e+02 2.982527e+02 8.235647e+02
-1.277130e-05 6.810276e+02 2.730293e+02 7.539153e+02
-1.318304e-05 6.688218e+02 2.681359e+02 7.404032e+02
-1.347469e-05 6.985988e+02 2.800738e+02 7.733671e+02
-1.361149e-05 7.127452e+02 2.857451e+02 7.890275e+02
-1.377007e-05 7.004546e+02 2.808177e+02 7.754214e+02
-1.396586e-05 7.321457e+02 2.935229e+02 8.105043e+02
-1.404877e-05 7.260901e+02 2.910952e+02 8.038006e+02
-1.394925e-05 7.306460e+02 2.929217e+02 8.088441e+02
-1.386607e-05 7.274583e+02 2.916437e+02 8.053152e+02
-1.383830e-05 7.152425e+02 2.867463e+02 7.917921e+02
-1.379956e-05 7.690696e+02 3.083260e+02 8.513801e+02
-1.370697e-05 8.170396e+02 3.275576e+02 9.044841e+02
-1.359011e-05 7.689924e+02 3.082951e+02 8.512946e+02
-1.345958e-05 7.436779e+02 2.981463e+02 8.232708e+02
-1.325374e-05 7.556205e+02 3.029342e+02 8.364916e+02
-1.324044e-05 7.943532e+02 3.184624e+02 8.793696e+02
-1.351600e-05 7.304426e+02 2.928402e+02 8.086190e+02
-1.399801e-05 7.218733e+02 2.894047e+02 7.991325e+02
-1.472068e-05 7.283721e+02 2.920101e+02 8.063269e+02
-1.569019e-05 7.349514e+02 2.946478e+02 8.136103e+02
-1.694785e-05 7.234858e+02 2.900512e+02 8.009177e+02
-1.832829e-05 7.168699e+02 2.873988e+02 7.935937e+02
-2.004446e-05 7.160590e+02 2.870737e+02 7.926960e+02
-2.200196e-05 7.455303e+02 2.988889e+02 8.253214e+02
-2.372818e-05 7.374506e+02 2.956497e+02 8.163770e+02
-2.503978e-05 6.980082e+02 2.798370e+02 7.727133e+02
-2.592104e-05 6.889678e+02 2.762126e+02 7.627053e+02
-2.667086e-05 6.974089e+02 2.795967e+02 7.720498e+02
-2.707865e-05 7.008734e+02 2.809857e+02 7.758851e+02
-2.738287e-05 7.195423e+02 2.884702e+02 7.965521e+02
-2.797199e-05 7.431539e+02 2.979362e+02 8.226907e+02
-2.911719e-05 7.235804e+02 2.900891e+02 8.010223e+02
-3.081100e-05 7.018884e+02 2.813926e+02 7.770087e+02
-3.294045e-05 7.300695e+02 2.926906e+02 8.082059e+02
-3.446622e-05 7.220868e+02 2.894903e+02 7.993689e+02
-3.579767e-05 7.291689e+02 2.923295e+02 8.072090e+02
-3.702768e-05 6.773876e+02 2.715700e+02 7.498857e+02
-3.609563e-05 6.940988e+02 2.782697e+02 7.683855e+02
-3.377989e-05 6.997334e+02 2.805286e+02 7.746231e+02
-3.250017e-05 7.331204e+02 2.939137e+02 8.115833e+02
-3.310234e-05 7.402468e+02 2.967707e+02 8.194725e+02
-3.435236e-05 7.609906e+02 3.050871e+02 8.424364e+02
-3.528877e-05 8.153033e+02 3.268615e+02 9.025620e+02
-3.588521e-05 7.917988e+02 3.174384e+02 8.765419e+02
-3.621906e-05 7.335942e+02 2.941037e+02 8.121078e+02
-3.612181e-05 7.324641e+02 2.936506e+02 8.108569e+02
-3.512822e-05 7.570556e+02 3.035095e+02 8.380802e+02
-3.356619e-05 7.257871e+02 2.909737e+02 8.034652e+02
-3.156015e-05 7.368578e+02 2.954121e+02 8.157208e+02
-2.966668e-05 7.615783e+02 3.053227e+02 8.430870e+02
-2.797111e-05 7.515796e+02 3.013142e+02 8.320182e+02
-2.672135e-05 7.070424e+02 2.834589e+02 7.827144e+02
-2.622522e-05 6.681480e+02 2.678658e+02 7.396572e+02
-2.541590e-05 6.946158e+02 2.784769e+02 7.689578e+02
-2.444341e-05 7.273102e+02 2.915844e+02 8.051514e+02
-2.386638e-05 6.911628e+02 2.770926e+02 7.651352e+02
-2.353114e-05 7.139182e+02 2.862154e+02 7.903261e+02
-2.318273e-05 6.777769e+02 2.717261e+02 7.503167e+02
-2.253031e-05 6.774174e+02 2.715819e+02 7.499187e+02
-2.185154e-05 7.002532e+02 2.807370e+02 7.751985e+02
-2.140505e-05 7.411843e+02 2.971466e+02 8.205104e+02
-2.099884e-05 7.628231e+02 3.058218e+02 8.444650e+02
-2.070601e-05 7.832602e+02 3.140152e+02 8.670894e+02
-2.064879e-05 7.465498e+02 2.992977e+02 8.264501e+02
-2.061010e-05 7.389519e+02 2.962516e+02 8.180390e+02
-2.051508e-05 7.465213e+02 2.992863e+02 8.264185e+02
-2.021547e-05 7.686914e+02 3.081744e+02 8.509614e+02
-1.955399e-05 7.450678e+02 2.987035e+02 8.248094e+02
-1.897943e-05 7.627043e+02 3.057741e+02 8.443335e+02
-1.871165e-05 7.950026e+02 3.187228e+02 8.800886e+02
-1.891038e-05 7.846771e+02 3.145832e+02 8.686579e+02
-1.951783e-05 7.749451e+02 3.106816e+02 8.578844e+02
-1.999413e-05 7.407852e+02 2.969866e+02 8.200685e+02
-2.048846e-05 7.262813e+02 2.911719e+02 8.040123e+02
-2.095223e-05 7.371150e+02 2.955152e+02 8.160055e+02
-2.120888e-05 7.608940e+02 3.050484e+02 8.423295e+02
-2.190583e-05 7.695626e+02 3.085237e+02 8.519258e+02
-2.308466e-05 7.964735e+02 3.193125e+02 8.817169e+02
-2.425695e-05 7.604842e+02 3.048841e+02 8.418758e+02
-2.511936e-05 7.674633e+02 3.076820e+02 8.496018e+02
-2.580230e-05 7.540759e+02 3.023149e+02 8.347817e+02
-2.677560e-05 7.614731e+02 3.052805e+02 8.429706e+02
-2.827426e-05 7.682768e+02 3.080082e+02 8.505024e+02
-3.002261e-05 7.717368e+02 3.093953e+02 8.543327e+02
-3.192653e-05 7.996538e+02 3.205875e+02 8.852376e+02
-3.429295e-05 8.133337e+02 3.260719e+02 9.003816e+02
-3.696990e-05 7.688109e+02 3.082223e+02 8.510937e+02
-3.944785e-05 7.566090e+02 3.033305e+02 8.375859e+02
-4.212132e-05 7.657292e+02 3.069869e+02 8.476822e+02
-4.612287e-05 7.841330e+02 3.143651e+02 8.680557e+02
-5.199528e-05 7.838520e+02 3.142524e+02 8.677445e+02
-5.996571e-05 7.705695e+02 3.089274e+02 8.530405e+02
-7.125706e-05 7.577623e+02 3.037929e+02 8.388626e+02
-8.625716e-05 7.775892e+02 3.117416e+02 8.608115e+02
-1.032566e-04 7.741411e+02 3.103592e+02 8.569943e+02
-1.222054e-04 8.068483e+02 3.234718e+02 8.932021e+02
-1.389742e-04 8.140016e+02 3.263396e+02 9.011210e+02
-1.500930e-04 8.016398e+02 3.213837e+02 8.874361e+02
-1.555607e-04 8.187492e+02 3.282430e+02 9.063767e+02
-1.605814e-04 8.055420e+02 3.229481e+02 8.917560e+02
-1.703622e-04 7.806477e+02 3.129678e+02 8.641974e+02
-1.802321e-04 7.247888e+02 2.905735e+02 8.023601e+02
-1.816801e-04 6.873969e+02 2.755828e+02 7.609663e+02
-1.763059e-04 6.565007e+02 2.631963e+02 7.267634e+02
-1.728765e-04 6.767610e+02 2.713188e+02 7.491921e+02
-1.757553e-04 7.342204e+02 2.943547e+02 8.128011e+02
-1.783288e-04 7.261395e+02 2.911150e+02 8.038553e+02
-1.699804e-04 7.249568e+02 2.906409e+02 8.025460e+02
-1.583053e-04 7.225777e+02 2.896871e+02 7.999124e+02
-1.539532e-04 7.298160e+02 2.925890e+02 8.079253e+02
-1.559704e-04 7.058722e+02 2.829897e+02 7.814189e+02
-1.601624e-04 7.264685e+02 2.912469e+02 8.042196e+02
-1.600018e-04 7.208170e+02 2.889812e+02 7.979632e+02
-1.500686e-04 6.890084e+02 2.762289e+02 7.627502e+02
-1.399210e-04 7.181424e+02 2.879089e+02 7.950024e+02
-1.289375e-04 7.692893e+02 3.084141e+02 8.516233e+02
-1.208199e-04 7.468324e+02 2.994110e+02 8.267629e+02
-1.179282e-04 7.378269e+02 2.958006e+02 8.167936e+02
-1.171706e-04 7.378211e+02 2.957983e+02 8.167872e+02
-1.203734e-04 6.796810e+02 2.724895e+02 7.524246e+02
-1.217487e-04 7.013636e+02 2.811822e+02 7.764277e+02
-1.194478e-04 7.086056e+02 2.840856e+02 7.844449e+02
-1.130163e-04 7.318262e+02 2.933949e+02 8.101506e+02
-1.023610e-04 7.401949e+02 2.967499e+02 8.194150e+02
-8.946535e-05 7.862878e+02 3.152290e+02 8.704411e+02
-7.888766e-05 7.795558e+02 3.125300e+02 8.629885e+02
-7.309827e-05 7.690579e+02 3.083214e+02 8.513672e+02
-7.064464e-05 8.019280e+02 3.214992e+02 8.877552e+02
-7.046786e-05 8.155062e+02 3.269429e+02 9.027866e+02
-6.995750e-05 7.913265e+02 3.172490e+02 8.760191e+02
-6.969284e-05 7.765817e+02 3.113377e+02 8.596962e+02
-7.135760e-05 8.648872e+02 3.467401e+02 9.574527e+02
-7.465476e-05 8.513807e+02 3.413252e+02 9.425006e+02
-7.931708e-05 8.283282e+02 3.320833e+02 9.169809e+02
-8.488125e-05 8.253527e+02 3.308904e+02 9.136870e+02
-9.010381e-05 8.163170e+02 3.272679e+02 9.036841e+02
-9.452784e-05 8.067749e+02 3.234424e+02 8.931208e+02
-9.976990e-05 7.706304e+02 3.089518e+02 8.531079e+02
-1.065760e-04 7.646395e+02 3.065500e+02 8.464758e+02
-1.170907e-04 7.614931e+02 3.052885e+02 8.429926e+02
-1.320967e-04 7.599891e+02 3.046856e+02 8.413277e+02
-1.467023e-04 7.704900e+02 3.088955e+02 8.529525e+02
-1.607230e-04 7.365032e+02 2.952699e+02 8.153282e+02
-1.726580e-04 7.050791e+02 2.826717e+02 7.805409e+02
-1.838578e-04 6.920680e+02 2.774555e+02 7.661373e+02
-1.985606e-04 7.277783e+02 2.917720e+02 8.056696e+02
-2.071730e-04 7.106573e+02 2.849081e+02 7.867161e+02
-2.065994e-04 7.084350e+02 2.840172e+02 7.842560e+02
-2.028195e-04 7.423561e+02 2.976164e+02 8.218075e+02
-1.924794e-04 7.299424e+02 2.926396e+02 8.080653e+02
-1.728704e-04 7.360621e+02 2.950931e+02 8.148399e+02
-1.515919e-04 6.819220e+02 2.733879e+02 7.549055e+02
-1.323794e-04 7.123669e+02 2.855935e+02 7.886087e+02
-1.187783e-04 7.059799e+02 2.830329e+02 7.815382e+02
-1.095778e-04 7.027346e+02 2.817318e+02 7.779455e+02
-9.943004e-05 7.090858e+02 2.842781e+02 7.849764e+02
-8.942726e-05 7.023971e+02 2.815965e+02 7.775719e+02
-7.974940e-05 6.948150e+02 2.785568e+02 7.691783e+02
-7.062071e-05 7.212136e+02 2.891402e+02 7.984022e+02
-6.457270e-05 7.232438e+02 2.899541e+02 8.006497e+02
-6.079975e-05 7.320769e+02 2.934954e+02 8.104282e+02
-5.749278e-05 7.448768e+02 2.986269e+02 8.245980e+02
-5.285654e-05 7.366669e+02 2.953355e+02 8.155094e+02
-4.788691e-05 7.703575e+02 3.088424e+02 8.528059e+02
-4.422398e-05 7.737234e+02 3.101918e+02 8.565320e+02
-4.156393e-05 7.609721e+02 3.050797e+02 8.424159e+02
-3.937639e-05 7.499287e+02 3.006523e+02 8.301906e+02
-3.714722e-05 7.617319e+02 3.053843e+02 8.432571e+02
-3.513541e-05 7.663985e+02 3.072552e+02 8.484231e+02
-3.387872e-05 7.892410e+02 3.164129e+02 8.737103e+02
-3.400350e-05 7.764183e+02 3.112722e+02 8.595153e+02
-3.513964e-05 7.925113e+02 3.177240e+02 8.773307e+02
-3.623604e-05 7.772143e+02 3.115913e+02 8.603965e+02
-3.720041e-05 7.719758e+02 3.094912e+02 8.545974e+02
-3.778640e-05 7.408064e+02 2.969951e+02 8.200920e+02
-3.713178e-05 7.582175e+02 3.039753e+02 8.393665e+02
-3.515776e-05 7.787958e+02 3.122254e+02 8.621473e+02
-3.326527e-05 7.542647e+02 3.023906e+02 8.349907e+02
-3.174085e-05 7.499827e+02 3.006740e+02 8.302504e+02
-3.051306e-05 7.361797e+02 2.951402e+02 8.149701e+02
-2.980675e-05 7.734965e+02 3.101008e+02 8.562808e+02
-2.956952e-05 7.790903e+02 3.123434e+02 8.624733e+02
-2.977104e-05 7.711038e+02 3.091416e+02 8.536319e+02
-3.037400e-05 7.668426e+02 3.074332e+02 8.489147e+02
-3.091627e-05 7.676772e+02 3.077678e+02 8.498386e+02
-3.050675e-05 7.727186e+02 3.097889e+02 8.554196e+02
-2.914933e-05 7.226370e+02 2.897109e+02 7.999780e+02
-2.755854e-05 7.339745e+02 2.942561e+02 8.125289e+02
-2.577808e-05 7.425972e+02 2.977130e+02 8.220744e+02
-2.408450e-05 7.508403e+02 3.010178e+02 8.311997e+02
-2.270580e-05 7.229787e+02 2.898478e+02 8.003562e+02
-2.148036e-05 7.293378e+02 2.923972e+02 8.073959e+02
-2.033731e-05 7.376384e+02 2.957250e+02 8.165849e+02
-1.939893e-05 7.147623e+02 2.865538e+02 7.912605e+02
-1.857691e-05 7.384428e+02 2.960475e+02 8.174755e+02
-1.782079e-05 7.307126e+02 2.929484e+02 8.089179e+02
-1.711005e-05 7.148479e+02 2.865881e+02 7.913553e+02
-1.623178e-05 6.944025e+02 2.783914e+02 7.687217e+02
-1.553174e-05 6.839513e+02 2.742014e+02 7.571519e+02
-1.514143e-05 6.826557e+02 2.736820e+02 7.557176e+02
-1.487461e-05 6.823138e+02 2.735450e+02 7.553391e+02
-1.473499e-05 6.985089e+02 2.800377e+02 7.732676e+02
-1.472704e-05 6.946100e+02 2.784746e+02 7.689514e+02
-1.477150e-05 7.081164e+02 2.838894e+02 7.839032e+02
-1.475106e-05 7.418380e+02 2.974087e+02 8.212339e+02
-1.461074e-05 7.495465e+02 3.004991e+02 8.297675e+02
-1.455632e-05 7.993000e+02 3.204456e+02 8.848459e+02
-1.465707e-05 7.354653e+02 2.948538e+02 8.141792e+02
-1.460898e-05 7.019365e+02 2.814119e+02 7.770620e+02
-1.427575e-05 7.087999e+02 2.841635e+02 7.846600e+02
-1.383365e-05 7.146307e+02 2.865011e+02 7.911148e+02
-1.351199e-05 7.317552e+02 2.933664e+02 8.100721e+02
-1.343371e-05 6.961994e+02 2.791118e+02 7.707109e+02
-1.362480e-05 7.070219e+02 2.834506e+02 7.826916e+02
-1.384381e-05 6.950306e+02 2.786432e+02 7.694170e+02
-1.386676e-05 7.029777e+02 2.818293e+02 7.782146e+02
-1.395894e-05 6.996113e+02 2.804797e+02 7.744880e+02
-1.430223e-05 6.930043e+02 2.778309e+02 7.671738e+02
-1.465661e-05 7.017579e+02 2.813402e+02 7.768642e+02
-1.486194e-05 6.908462e+02 2.769657e+02 7.647847e+02
-1.506446e-05 7.086754e+02 2.841135e+02 7.845221e+02
-1.524087e-05 7.111744e+02 2.851154e+02 7.872885e+02
-1.529059e-05 7.777801e+02 3.118181e+02 8.610228e+02
-1.526712e-05 7.885809e+02 3.161483e+02 8.729796e+02
-1.510343e-05 7.668309e+02 3.074285e+02 8.489017e+02
-1.492528e-05 7.377852e+02 2.957839e+02 8.167474e+02
-1.482011e-05 7.045604e+02 2.824638e+02 7.799667e+02
-1.470153e-05 6.924353e+02 2.776027e+02 7.665439e+02
-1.461576e-05 6.954996e+02 2.788312e+02 7.699361e+02
-1.463445e-05 6.969699e+02 2.794207e+02 7.715638e+02
-1.485765e-05 6.806046e+02 2.728597e+02 7.534471e+02
-1.517597e-05 6.968923e+02 2.793896e+02 7.714779e+02
-1.541801e-05 7.060855e+02 2.830752e+02 7.816551e+02
-1.562914e-05 7.379267e+02 2.958406e+02 8.169040e+02
-1.582895e-05 7.677745e+02 3.078068e+02 8.499464e+02
-1.588790e-05 7.371735e+02 2.955386e+02 8.160702e+02
-1.577026e-05 7.273441e+02 2.915979e+02 8.051888e+02
-1.577391e-05 7.084948e+02 2.840411e+02 7.843222e+02
-1.594253e-05 7.814237e+02 3.132789e+02 8.650564e+02
-1.613820e-05 7.907111e+02 3.170023e+02 8.753378e+02
-1.642303e-05 8.061578e+02 3.231950e+02 8.924377e+02
-1.678423e-05 8.110236e+02 3.251457e+02 8.978243e+02
-1.718879e-05 7.795219e+02 3.125165e+02 8.629511e+02
-1.750750e-05 7.855722e+02 3.149421e+02 8.696489e+02
-1.760133e-05 8.106887e+02 3.250115e+02 8.974535e+02
-1.756331e-05 8.175640e+02 3.277678e+02 9.050647e+02
-1.762733e-05 7.905408e+02 3.169340e+02 8.751492e+02
-1.773492e-05 7.835691e+02 3.141390e+02 8.674314e+02
-1.773246e-05 7.873634e+02 3.156602e+02 8.716318e+02
-1.761832e-05 6.948965e+02 2.785895e+02 7.692685e+02
-1.726445e-05 6.743070e+02 2.703350e+02 7.464754e+02
-1.675995e-05 7.001998e+02 2.807156e+02 7.751394e+02
-1.648311e-05 6.843082e+02 2.743445e+02 7.575470e+02
-1.652619e-05 6.765280e+02 2.712254e+02 7.489341e+02
-1.678968e-05 6.859172e+02 2.749896e+02 7.593282e+02
-1.714489e-05 6.691273e+02 2.682584e+02 7.407413e+02
-1.753729e-05 6.314276e+02 2.531443e+02 6.990068e+02
-1.794017e-05 6.653001e+02 2.667240e+02 7.365046e+02
-1.826208e-05 6.808392e+02 2.729538e+02 7.537067e+02
-1.862543e-05 6.935412e+02 2.780461e+02 7.677681e+02
-1.901463e-05 6.654394e+02 2.667799e+02 7.366588e+02
-1.933645e-05 6.901926e+02 2.767036e+02 7.640612e+02
-1.942889e-05 6.894916e+02 2.764226e+02 7.632851e+02
-1.919989e-05 7.063841e+02 2.831949e+02 7.819856e+02
-1.868034e-05 7.472997e+02 2.995983e+02 8.272802e+02
-1.816185e-05 7.462744e+02 2.991873e+02 8.261452e+02
-1.793759e-05 7.769635e+02 3.114908e+02 8.601188e+02
-1.780131e-05 7.694789e+02 3.084901e+02 8.518332e+02
-1.775463e-05 7.112728e+02 2.851548e+02 7.873975e+02
-1.771727e-05 6.765157e+02 2.712205e+02 7.489205e+02
-1.750025e-05 7.413984e+02 2.972325e+02 8.207474e+02
-1.701042e-05 7.410622e+02 2.970976e+02 8.203751e+02
-1.632629e-05 6.852041e+02 2.747037e+02 7.585388e+02
-1.581558e-05 7.305860e+02 2.928977e+02 8.087778e+02
-1.546358e-05 7.338206e+02 2.941944e+02 8.123585e+02
-1.523985e-05 7.459900e+02 2.990733e+02 8.258304e+02
-1.507602e-05 7.266768e+02 2.913304e+02 8.044501e+02
-1.493984e-05 7.225849e+02 2.896900e+02 7.999204e+02
-1.473340e-05 7.372593e+02 2.955730e+02 8.161652e+02
-1.449547e-05 7.546589e+02 3.025487e+02 8.354271e+02
-1.435704e-05 7.427256e+02 2.977645e+02 8.222166e+02
-1.422765e-05 7.469615e+02 2.994627e+02 8.269058e+02
-1.402304e-05 7.560278e+02 3.030975e+02 8.369424e+02
-1.380741e-05 7.529460e+02 3.018619e+02 8.335308e+02
-1.369065e-05 7.666558e+02 3.073583e+02 8.487080e+02
-1.364338e-05 7.632594e+02 3.059967e+02 8.449480e+02
-1.360319e-05 7.487937e+02 3.001973e+02 8.289341e+02
-1.349161e-05 7.871228e+02 3.155637e+02 8.713654e+02
-1.342045e-05 8.023954e+02 3.216866e+02 8.882726e+02
-1.342221e-05 7.775010e+02 3.117063e+02 8.607139e+02
-1.341454e-05 7.753435e+02 3.108413e+02 8.583255e+02
-1.338021e-05 7.999832e+02 3.207195e+02 8.856022e+02
-1.336679e-05 7.639307e+02 3.062658e+02 8.456912e+02
-1.334382e-05 7.525963e+02 3.017218e+02 8.331438e+02
-1.325597e-05 7.538949e+02 3.022424e+02 8.345813e+02
-1.326002e-05 7.621373e+02 3.055468e+02 8.437059e+02
-1.335439e-05 7.330189e+02 2.938730e+02 8.114710e+02
-1.349981e-05 7.190050e+02 2.882548e+02 7.959573e+02
-1.369404e-05 7.760692e+02 3.111322e+02 8.591288e+02
-1.389441e-05 7.983730e+02 3.200740e+02 8.838197e+02
-1.402870e-05 7.397819e+02 2.965844e+02 8.189578e+02
-1.401503e-05 7.134344e+02 2.860215e+02 7.897905e+02
-1.400055e-05 6.974943e+02 2.796309e+02 7.721444e+02
-1.410220e-05 7.044080e+02 2.824027e+02 7.797980e+02
-1.433078e-05 7.096450e+02 2.845023e+02 7.855955e+02
-1.458649e-05 6.732959e+02 2.699296e+02 7.453560e+02
-1.472160e-05 6.677031e+02 2.676874e+02 7.391647e+02
-1.479299e-05 7.029086e+02 2.818016e+02 7.781381e+02
-1.481294e-05 6.919333e+02 2.774015e+02 7.659882e+02
-1.481222e-05 6.830200e+02 2.738281e+02 7.561209e+02
-1.486168e-05 7.326420e+02 2.937219e+02 8.110538e+02
-1.499121e-05 7.462862e+02 2.991920e+02 8.261583e+02
-1.527685e-05 7.464190e+02 2.992453e+02 8.263053e+02
-1.558728e-05 7.184847e+02 2.880461e+02 7.953812e+02
-1.582854e-05 7.212975e+02 2.891738e+02 7.984951e+02
-1.609124e-05 7.542047e+02 3.023666e+02 8.349243e+02
-1.643470e-05 7.440384e+02 2.982908e+02 8.236699e+02
-1.690448e-05 7.392138e+02 2.963566e+02 8.183289e+02
-1.753884e-05 6.858219e+02 2.749514e+02 7.592227e+02
-1.825872e-05 7.150339e+02 2.866627e+02 7.915611e+02
-1.896672e-05 7.020356e+02 2.814516e+02 7.771717e+02
-1.983245e-05 7.235727e+02 2.900860e+02 8.010139e+02
-2.080860e-05 6.857728e+02 2.749317e+02 7.591684e+02
-2.183938e-05 7.229933e+02 2.898537e+02 8.003725e+02
-2.291686e-05 6.973255e+02 2.795633e+02 7.719575e+02
-2.391664e-05 6.742572e+02 2.703150e+02 7.464203e+02
-2.487361e-05 6.992402e+02 2.803309e+02 7.740771e+02
-2.568346e-05 6.740763e+02 2.702425e+02 7.462200e+02
-2.636280e-05 6.581706e+02 2.638657e+02 7.286120e+02
-2.672810e-05 6.403132e+02 2.567066e+02 7.088434e+02
