#E_pot  E_kin  T  P
-8.241302e-03 1.936476e+03 3.105393e+02 2.143729e+03
-5.839031e-03 1.955725e+03 3.136262e+02 2.165039e+03
-4.059063e-03 1.947287e+03 3.122730e+02 2.155697e+03
-2.905639e-03 1.858402e+03 2.980191e+02 2.057299e+03
-2.180784e-03 1.878822e+03 3.012938e+02 2.079905e+03
-1.691052e-03 1.889147e+03 3.029496e+02 2.091335e+03
-1.322958e-03 1.850703e+03 2.967845e+02 2.048776e+03
-1.043023e-03 1.904686e+03 3.054414e+02 2.108537e+03
-8.856244e-04 1.901766e+03 3.049732e+02 2.105305e+03
-8.019490e-04 1.845623e+03 2.959698e+02 2.043152e+03
-7.315973e-04 1.876210e+03 3.008749e+02 2.077013e+03
-6.591322e-04 1.898838e+03 3.045036e+02 2.102063e+03
-5.942896e-04 1.893606e+03 3.036646e+02 2.096271e+03
-5.406303e-04 1.869481e+03 2.997958e+02 2.069564e+03
-5.023556e-04 1.803368e+03 2.891938e+02 1.996375e+03
-4.733697e-04 1.878755e+03 3.012831e+02 2.079831e+03
-4.513217e-04 1.855145e+03 2.974969e+02 2.053694e+03
-4.351950e-04 1.882406e+03 3.018686e+02 2.083873e+03
-4.200140e-04 1.844781e+03 2.958348e+02 2.042220e+03
-4.091801e-04 1.841240e+03 2.952670e+02 2.038301e+03
-4.035470e-04 1.847960e+03 2.963446e+02 2.045739e+03
-4.035885e-04 1.820218e+03 2.918958e+02 2.015028e+03
-4.089653e-04 1.825296e+03 2.927102e+02 2.020650e+03
-4.170088e-04 1.777485e+03 2.850430e+02 1.967722e+03
-4.326320e-04 1.779036e+03 2.852919e+02 1.969440e+03
-4.552471e-04 1.802551e+03 2.890627e+02 1.995471e+03
-4.697355e-04 1.788827e+03 2.868619e+02 1.980278e+03
-4.777517e-04 1.789557e+03 2.869790e+02 1.981087e+03
-4.885933e-04 1.858308e+03 2.980040e+02 2.057195e+03
-5.105322e-04 1.924710e+03 3.086525e+02 2.130704e+03
-5.327466e-04 1.869907e+03 2.998641e+02 2.070035e+03
-5.445094e-04 1.840749e+03 2.951883e+02 2.037757e+03
-5.646908e-04 1.878431e+03 3.012311e+02 2.079472e+03
-6.113715e-04 1.930868e+03 3.096400e+02 2.137521e+03
-6.670911e-04 1.944816e+03 3.118768e+02 2.152962e+03
-6.921165e-04 1.963728e+03 3.149096e+02 2.173898e+03
-7.010359e-04 1.986892e+03 3.186242e+02 2.199541e+03
-7.166478e-04 1.965597e+03 3.152093e+02 2.175967e+03
-7.385782e-04 1.979493e+03 3.174378e+02 2.191351e+03
-7.538915e-04 1.943985e+03 3.117435e+02 2.152042e+03
-7.808649e-04 1.867530e+03 2.994830e+02 2.067405e+03
-8.381579e-04 1.916804e+03 3.073847e+02 2.121952e+03
-8.957247e-04 1.914246e+03 3.069745e+02 2.119120e+03
-9.237643e-04 1.806594e+03 2.897110e+02 1.999946e+03
-9.448605e-04 1.794638e+03 2.877938e+02 1.986711e+03
-9.784072e-04 1.790221e+03 2.870855e+02 1.981822e+03
-1.001211e-03 1.767743e+03 2.834809e+02 1.956938e+03
-1.017184e-03 1.729944e+03 2.774192e+02 1.915093e+03
-1.041484e-03 1.790276e+03 2.870943e+02 1.981882e+03
-1.061573e-03 1.862539e+03 2.986825e+02 2.061879e+03
-1.051907e-03 1.886857e+03 3.025824e+02 2.088800e+03
-1.026335e-03 1.877772e+03 3.011254e+02 2.078742e+03
-9.912572e-04 1.855818e+03 2.976048e+02 2.054439e+03
-9.530646e-04 1.873648e+03 3.004641e+02 2.074177e+03
-9.442905e-04 1.835255e+03 2.943073e+02 2.031675e+03
-9.841861e-04 1.821034e+03 2.920268e+02 2.015932e+03
-1.075057e-03 1.773645e+03 2.844273e+02 1.963471e+03
-1.204698e-03 1.783880e+03 2.860686e+02 1.974801e+03
-1.333284e-03 1.859520e+03 2.981984e+02 2.058537e+03
-1.428216e-03 1.891606e+03 3.033439e+02 2.094057e+03
-1.572031e-03 1.883962e+03 3.021180e+02 2.085595e+03
-1.735527e-03 1.922515e+03 3.083005e+02 2.128274e+03
-1.696399e-03 1.890261e+03 3.031282e+02 2.092568e+03
-1.536257e-03 1.937666e+03 3.107303e+02 2.145047e+03
-1.441581e-03 1.946695e+03 3.121781e+02 2.155042e+03
-1.415375e-03 1.961190e+03 3.145027e+02 2.171089e+03
-1.420040e-03 1.947915e+03 3.123737e+02 2.156392e+03
-1.399535e-03 1.936514e+03 3.105455e+02 2.143772e+03
-1.334012e-03 1.961915e+03 3.146188e+02 2.171891e+03
-1.326240e-03 2.021815e+03 3.242247e+02 2.238202e+03
-1.364175e-03 2.023517e+03 3.244975e+02 2.240086e+03
-1.387684e-03 1.982676e+03 3.179481e+02 2.194874e+03
-1.430070e-03 1.972514e+03 3.163185e+02 2.183624e+03
-1.376872e-03 1.910489e+03 3.063720e+02 2.114961e+03
-1.248032e-03 1.805844e+03 2.895909e+02 1.999117e+03
-1.099992e-03 1.805660e+03 2.895613e+02 1.998913e+03
-9.736999e-04 1.765278e+03 2.830856e+02 1.954209e+03
-8.937069e-04 1.785427e+03 2.863167e+02 1.976514e+03
-8.330955e-04 1.738471e+03 2.787867e+02 1.924533e+03
-7.833025e-04 1.699073e+03 2.724687e+02 1.880918e+03
-7.283666e-04 1.709679e+03 2.741695e+02 1.892659e+03
-6.748413e-04 1.716028e+03 2.751876e+02 1.899687e+03
-6.309045e-04 1.754335e+03 2.813306e+02 1.942094e+03
-5.940308e-04 1.747423e+03 2.802223e+02 1.934443e+03
-5.580401e-04 1.836533e+03 2.945122e+02 2.033090e+03
-5.281809e-04 1.845710e+03 2.959838e+02 2.043249e+03
-5.003514e-04 1.825889e+03 2.928053e+02 2.021307e+03
-4.719599e-04 1.846363e+03 2.960886e+02 2.043972e+03
-4.540739e-04 1.856070e+03 2.976452e+02 2.054717e+03
-4.397491e-04 1.858038e+03 2.979607e+02 2.056896e+03
-4.212724e-04 1.806813e+03 2.897462e+02 2.000189e+03
-4.039177e-04 1.859524e+03 2.981991e+02 2.058541e+03
-3.914939e-04 1.862503e+03 2.986768e+02 2.061839e+03
-3.821202e-04 1.903415e+03 3.052377e+02 2.107130e+03
-3.813067e-04 1.871188e+03 3.000695e+02 2.071454e+03
-3.915478e-04 1.864678e+03 2.990256e+02 2.064247e+03
-4.108076e-04 1.926136e+03 3.088812e+02 2.132283e+03
-4.383060e-04 1.892780e+03 3.035321e+02 2.095357e+03
-4.705384e-04 1.829371e+03 2.933637e+02 2.025162e+03
-5.263730e-04 1.794565e+03 2.877821e+02 1.986631e+03
-6.099271e-04 1.834771e+03 2.942297e+02 2.031140e+03
-7.030256e-04 1.884337e+03 3.021782e+02 2.086010e+03
-8.291099e-04 1.952141e+03 3.130515e+02 2.161071e+03
-9.988516e-04 1.960245e+03 3.143511e+02 2.170043e+03
-1.147218e-03 1.942002e+03 3.114255e+02 2.149846e+03
-1.198002e-03 1.886269e+03 3.024881e+02 2.088149e+03
-1.192275e-03 1.841995e+03 2.953880e+02 2.039136e+03
-1.224843e-03 1.888308e+03 3.028150e+02 2.090406e+03
-1.313489e-03 1.892661e+03 3.035130e+02 2.095225e+03
-1.420470e-03 1.909631e+03 3.062344e+02 2.114011e+03
-1.577007e-03 1.903232e+03 3.052083e+02 2.106928e+03
-1.748883e-03 1.950568e+03 3.127992e+02 2.159330e+03
-2.039896e-03 1.991757e+03 3.194045e+02 2.204927e+03
-2.581512e-03 1.957306e+03 3.138797e+02 2.166788e+03
-3.160529e-03 1.904963e+03 3.054859e+02 2.108844e+03
-3.613576e-03 1.861370e+03 2.984952e+02 2.060586e+03
-4.194983e-03 1.893235e+03 3.036050e+02 2.095860e+03
-5.057569e-03 1.875571e+03 3.007724e+02 2.076305e+03
-6.109172e-03 1.897591e+03 3.043037e+02 2.100683e+03
-7.324363e-03 1.949363e+03 3.126059e+02 2.157995e+03
-8.120154e-03 1.863009e+03 2.987579e+02 2.062399e+03
-8.657574e-03 1.835131e+03 2.942874e+02 2.031538e+03
-8.870291e-03 1.847525e+03 2.962749e+02 2.045258e+03
-8.263692e-03 1.794592e+03 2.877864e+02 1.986660e+03
-7.352312e-03 1.842859e+03 2.955267e+02 2.040093e+03
-6.949884e-03 1.870215e+03 2.999136e+02 2.070377e+03
-6.682538e-03 1.896685e+03 3.041584e+02 2.099680e+03
-5.886201e-03 1.957418e+03 3.138977e+02 2.166913e+03
-4.991496e-03 1.917536e+03 3.075020e+02 2.122762e+03
-4.305406e-03 1.957235e+03 3.138684e+02 2.166710e+03
-3.575786e-03 1.954541e+03 3.134363e+02 2.163727e+03
-3.029413e-03 1.926421e+03 3.089270e+02 2.132599e+03
-2.637045e-03 1.903782e+03 3.052964e+02 2.107536e+03
-2.324460e-03 1.913397e+03 3.068384e+02 2.118181e+03
-2.131058e-03 1.878312e+03 3.012120e+02 2.079340e+03
-1.944797e-03 1.897428e+03 3.042776e+02 2.100503e+03
-1.744536e-03 1.935399e+03 3.103667e+02 2.142537e+03
-1.678381e-03 1.876504e+03 3.009220e+02 2.077339e+03
-1.690035e-03 1.849462e+03 2.965856e+02 2.047403e+03
-1.594955e-03 1.877113e+03 3.010198e+02 2.078013e+03
-1.496118e-03 1.801122e+03 2.888335e+02 1.993889e+03
-1.430859e-03 1.870489e+03 2.999575e+02 2.070680e+03
-1.360973e-03 1.864010e+03 2.989185e+02 2.063507e+03
-1.316970e-03 1.846358e+03 2.960878e+02 2.043966e+03
-1.315614e-03 1.865603e+03 2.991740e+02 2.065271e+03
-1.325560e-03 1.840351e+03 2.951245e+02 2.037316e+03
-1.316346e-03 1.867691e+03 2.995088e+02 2.067582e+03
-1.310062e-03 1.887825e+03 3.027376e+02 2.089872e+03
-1.317366e-03 1.876729e+03 3.009582e+02 2.077588e+03
-1.360462e-03 1.835605e+03 2.943634e+02 2.032062e+03
-1.443555e-03 1.844899e+03 2.958538e+02 2.042351e+03
-1.527215e-03 1.793084e+03 2.875446e+02 1.984991e+03
-1.577195e-03 1.846636e+03 2.961324e+02 2.044275e+03
-1.640592e-03 1.798000e+03 2.883329e+02 1.990432e+03
-1.779625e-03 1.793053e+03 2.875395e+02 1.984956e+03
-1.932458e-03 1.811233e+03 2.904551e+02 2.005083e+03
-2.042112e-03 1.809531e+03 2.901821e+02 2.003198e+03
-2.186220e-03 1.823211e+03 2.923758e+02 2.018342e+03
-2.380510e-03 1.787560e+03 2.866587e+02 1.978875e+03
-2.622818e-03 1.764487e+03 2.829587e+02 1.953333e+03
-3.034797e-03 1.762366e+03 2.826186e+02 1.950985e+03
-3.693795e-03 1.839557e+03 2.949971e+02 2.036438e+03
-4.451291e-03 1.848636e+03 2.964530e+02 2.046488e+03
-5.080832e-03 1.845624e+03 2.959700e+02 2.043154e+03
-5.588650e-03 1.862736e+03 2.987142e+02 2.062097e+03
-5.951200e-03 1.900478e+03 3.047667e+02 2.103879e+03
-6.045784e-03 1.962108e+03 3.146498e+02 2.172104e+03
-6.175810e-03 1.956900e+03 3.138147e+02 2.166340e+03
-6.725777e-03 1.987686e+03 3.187515e+02 2.200420e+03
-7.243112e-03 1.940441e+03 3.111752e+02 2.148119e+03
-7.132515e-03 1.922289e+03 3.082643e+02 2.128024e+03
-6.541159e-03 1.888909e+03 3.029113e+02 2.091071e+03
-6.019525e-03 1.880905e+03 3.016278e+02 2.082211e+03
-5.520690e-03 1.797492e+03 2.882514e+02 1.989870e+03
-5.273443e-03 1.769881e+03 2.838237e+02 1.959304e+03
-5.621036e-03 1.781298e+03 2.856546e+02 1.971944e+03
-6.600391e-03 1.790144e+03 2.870732e+02 1.981736e+03
-8.284357e-03 1.819602e+03 2.917970e+02 2.014346e+03
-1.117625e-02 1.839111e+03 2.949256e+02 2.035944e+03
-1.706906e-02 1.851199e+03 2.968641e+02 2.049325e+03
-2.942356e-02 1.861031e+03 2.984407e+02 2.060209e+03
-5.939293e-02 1.948057e+03 3.123965e+02 2.156550e+03
-1.395737e-01 1.908148e+03 3.059965e+02 2.112369e+03
-3.433065e-01 1.881159e+03 3.016686e+02 2.082492e+03
-7.617244e-01 1.915398e+03 3.071592e+02 2.120395e+03
-7.248892e-01 1.841485e+03 2.953062e+02 2.038571e+03
8.269548e+00 1.834441e+03 2.941767e+02 2.030774e+03
-4.124933e-01 1.889703e+03 3.030387e+02 2.091950e+03
-8.379651e-02 1.929141e+03 3.093632e+02 2.135610e+03
-2.898315e-02 1.927359e+03 3.090774e+02 2.133637e+03
-1.446665e-02 1.948366e+03 3.124462e+02 2.156892e+03
-9.067850e-03 1.862588e+03 2.986905e+02 2.061934e+03
-6.883171e-03 1.861372e+03 2.984955e+02 2.060588e+03
-5.952080e-03 1.876384e+03 3.009028e+02 2.077205e+03
-5.873581e-03 1.878811e+03 3.012920e+02 2.079893e+03
-6.155185e-03 1.871056e+03 3.000485e+02 2.071308e+03
-6.233461e-03 1.872127e+03 3.002202e+02 2.072493e+03
-6.214168e-03 1.824067e+03 2.925132e+02 2.019290e+03
-6.301812e-03 1.852455e+03 2.970656e+02 2.050716e+03
-6.310676e-03 1.808263e+03 2.899787e+02 2.001794e+03
-6.448937e-03 1.775372e+03 2.847043e+02 1.965383e+03
-6.592242e-03 1.854503e+03 2.973939e+02 2.052983e+03
-6.288622e-03 1.891714e+03 3.033612e+02 2.094176e+03
-5.764028e-03 1.835593e+03 2.943614e+02 2.032049e+03
-5.230101e-03 1.806222e+03 2.896515e+02 1.999535e+03
-5.116848e-03 1.825218e+03 2.926976e+02 2.020563e+03
-5.266423e-03 1.836571e+03 2.945183e+02 2.033132e+03
-5.413950e-03 1.808523e+03 2.900205e+02 2.002082e+03
-5.604440e-03 1.821596e+03 2.921169e+02 2.016554e+03
-5.859029e-03 1.833495e+03 2.940250e+02 2.029727e+03
-6.358429e-03 1.907576e+03 3.059048e+02 2.111736e+03
-7.135826e-03 1.936305e+03 3.105119e+02 2.143540e+03
-7.836184e-03 1.907161e+03 3.058383e+02 2.111276e+03
-8.476976e-03 1.831837e+03 2.937591e+02 2.027891e+03
-9.283718e-03 1.859044e+03 2.981221e+02 2.058010e+03
-9.834519e-03 1.847871e+03 2.963303e+02 2.045641e+03
-1.096510e-02 1.846290e+03 2.960769e+02 2.043892e+03
-1.235908e-02 1.856575e+03 2.977262e+02 2.055277e+03
-1.219676e-02 1.818038e+03 2.915462e+02 2.012615e+03
-1.097523e-02 1.757973e+03 2.819141e+02 1.946122e+03
-8.814806e-03 1.809971e+03 2.902527e+02 2.003685e+03
-6.188013e-03 1.786295e+03 2.864558e+02 1.977475e+03
-4.295402e-03 1.751538e+03 2.808821e+02 1.938998e+03
-3.387944e-03 1.780929e+03 2.855953e+02 1.971534e+03
-3.037541e-03 1.817254e+03 2.914206e+02 2.011748e+03
-2.711591e-03 1.776101e+03 2.848211e+02 1.966190e+03
-2.338158e-03 1.822351e+03 2.922379e+02 2.017390e+03
-2.105943e-03 1.864794e+03 2.990442e+02 2.064375e+03
-2.011769e-03 1.842274e+03 2.954328e+02 2.039445e+03
-1.955507e-03 1.821028e+03 2.920258e+02 2.015926e+03
-1.864249e-03 1.817146e+03 2.914032e+02 2.011627e+03
-1.697838e-03 1.770717e+03 2.839577e+02 1.960230e+03
-1.503275e-03 1.745464e+03 2.799082e+02 1.932275e+03
-1.359757e-03 1.768479e+03 2.835988e+02 1.957752e+03
-1.262663e-03 1.862749e+03 2.987162e+02 2.062111e+03
-1.182510e-03 1.839730e+03 2.950249e+02 2.036629e+03
-1.107201e-03 1.853708e+03 2.972664e+02 2.052103e+03
-1.039994e-03 1.912472e+03 3.066901e+02 2.117157e+03
-9.551851e-04 1.935971e+03 3.104584e+02 2.143170e+03
-8.532146e-04 1.966977e+03 3.154306e+02 2.177495e+03
-7.680494e-04 1.926344e+03 3.089145e+02 2.132513e+03
-7.151218e-04 1.952659e+03 3.131345e+02 2.161644e+03
-6.759169e-04 1.981719e+03 3.177948e+02 2.193815e+03
-6.412624e-04 1.929303e+03 3.093892e+02 2.135789e+03
-6.145692e-04 1.952187e+03 3.130588e+02 2.161121e+03
-5.812056e-04 1.916476e+03 3.073321e+02 2.121589e+03
-5.494539e-04 1.883227e+03 3.020003e+02 2.084782e+03
-5.288613e-04 1.806987e+03 2.897740e+02 2.000381e+03
-5.110561e-04 1.811477e+03 2.904941e+02 2.005352e+03
-5.019125e-04 1.801911e+03 2.889601e+02 1.994762e+03
-5.023711e-04 1.788932e+03 2.868788e+02 1.980395e+03
-5.106852e-04 1.829555e+03 2.933932e+02 2.025365e+03
-5.310427e-04 1.813762e+03 2.908606e+02 2.007882e+03
-5.635532e-04 1.814795e+03 2.910262e+02 2.009025e+03
-5.914809e-04 1.822781e+03 2.923068e+02 2.017866e+03
-6.012169e-04 1.793217e+03 2.875660e+02 1.985138e+03
-6.014005e-04 1.836554e+03 2.945156e+02 2.033113e+03
-5.972056e-04 1.880384e+03 3.015443e+02 2.081634e+03
-5.848770e-04 1.963980e+03 3.149501e+02 2.174178e+03
-5.716579e-04 1.996952e+03 3.202376e+02 2.210678e+03
-5.617538e-04 1.951972e+03 3.130243e+02 2.160883e+03
-5.455020e-04 1.921161e+03 3.080833e+02 2.126775e+03
-5.297772e-04 1.927040e+03 3.090262e+02 2.133283e+03
-5.161621e-04 1.886356e+03 3.025020e+02 2.088245e+03
-5.097543e-04 1.891353e+03 3.033034e+02 2.093777e+03
-5.124998e-04 1.910879e+03 3.064345e+02 2.115393e+03
-5.165562e-04 1.963900e+03 3.149371e+02 2.174088e+03
-5.199477e-04 2.016688e+03 3.234024e+02 2.232526e+03
-5.191374e-04 1.913086e+03 3.067885e+02 2.117836e+03
-5.164312e-04 1.977448e+03 3.171097e+02 2.189086e+03
-5.163185e-04 1.884393e+03 3.021872e+02 2.086072e+03
-5.072189e-04 1.867621e+03 2.994975e+02 2.067505e+03
-4.941283e-04 1.848429e+03 2.964200e+02 2.046260e+03
-4.802775e-04 1.831414e+03 2.936913e+02 2.027423e+03
-4.659651e-04 1.810738e+03 2.903756e+02 2.004534e+03
-4.524119e-04 1.844620e+03 2.958091e+02 2.042043e+03
-4.434204e-04 1.867699e+03 2.995101e+02 2.067592e+03
-4.387387e-04 1.922113e+03 3.082361e+02 2.127829e+03
-4.331603e-04 1.886667e+03 3.025518e+02 2.088589e+03
-4.331944e-04 1.923381e+03 3.084394e+02 2.129233e+03
-4.399616e-04 1.916587e+03 3.073500e+02 2.121712e+03
-4.558593e-04 1.880797e+03 3.016105e+02 2.082091e+03
-4.783489e-04 1.853239e+03 2.971912e+02 2.051584e+03
-4.906735e-04 1.887215e+03 3.026398e+02 2.089197e+03
-4.902742e-04 1.867854e+03 2.995350e+02 2.067763e+03
-4.872082e-04 1.895376e+03 3.039484e+02 2.098230e+03
-4.862988e-04 1.862653e+03 2.987009e+02 2.062006e+03
-4.865196e-04 1.794008e+03 2.876927e+02 1.986013e+03
-4.813897e-04 1.713390e+03 2.747646e+02 1.896767e+03
-4.766071e-04 1.771231e+03 2.840402e+02 1.960799e+03
-4.773057e-04 1.848557e+03 2.964404e+02 2.046401e+03
-4.830259e-04 1.860320e+03 2.983267e+02 2.059422e+03
-4.897409e-04 1.926885e+03 3.090014e+02 2.133112e+03
-5.050739e-04 1.928997e+03 3.093399e+02 2.135449e+03
-5.413273e-04 1.922984e+03 3.083757e+02 2.128793e+03
-5.867258e-04 1.977283e+03 3.170833e+02 2.188904e+03
-6.177477e-04 2.032068e+03 3.258688e+02 2.249552e+03
-6.341261e-04 2.014331e+03 3.230245e+02 2.229917e+03
-6.483097e-04 2.009351e+03 3.222258e+02 2.224403e+03
-6.690303e-04 2.001533e+03 3.209721e+02 2.215749e+03
-6.809913e-04 2.031769e+03 3.258208e+02 2.249221e+03
-6.743209e-04 2.067389e+03 3.315330e+02 2.288653e+03
-6.681587e-04 2.083715e+03 3.341511e+02 2.306727e+03
-6.524853e-04 2.047507e+03 3.283447e+02 2.266644e+03
-6.328609e-04 2.013337e+03 3.228650e+02 2.228816e+03
-6.146814e-04 2.000368e+03 3.207852e+02 2.214459e+03
-5.899978e-04 2.007275e+03 3.218929e+02 2.222106e+03
-5.716881e-04 1.950758e+03 3.128297e+02 2.159540e+03
-5.671694e-04 1.946372e+03 3.121263e+02 2.154684e+03
-5.638605e-04 1.907940e+03 3.059632e+02 2.112139e+03
-5.408230e-04 1.879164e+03 3.013486e+02 2.080283e+03
-5.014586e-04 1.788995e+03 2.868889e+02 1.980464e+03
-4.651173e-04 1.831663e+03 2.937312e+02 2.027699e+03
-4.413495e-04 1.886930e+03 3.025940e+02 2.088881e+03
-4.269844e-04 1.895512e+03 3.039702e+02 2.098381e+03
-4.132966e-04 1.841085e+03 2.952422e+02 2.038129e+03
-3.994248e-04 1.873076e+03 3.003723e+02 2.073544e+03
-3.906786e-04 1.887327e+03 3.026577e+02 2.089320e+03
-3.876278e-04 1.849060e+03 2.965211e+02 2.046958e+03
-3.912751e-04 1.851185e+03 2.968619e+02 2.049310e+03
-4.004640e-04 1.776797e+03 2.849327e+02 1.966961e+03
-4.090526e-04 1.770033e+03 2.838480e+02 1.959472e+03
-4.170708e-04 1.746637e+03 2.800962e+02 1.933573e+03
-4.238066e-04 1.664537e+03 2.669303e+02 1.842685e+03
-4.313391e-04 1.729151e+03 2.772920e+02 1.914215e+03
-4.404987e-04 1.727331e+03 2.770002e+02 1.912200e+03
-4.539221e-04 1.683383e+03 2.699526e+02 1.863549e+03
-4.690496e-04 1.650844e+03 2.647345e+02 1.827527e+03
-4.850321e-04 1.694956e+03 2.718085e+02 1.876360e+03
-5.085213e-04 1.710300e+03 2.742691e+02 1.893347e+03
-5.343301e-04 1.735689e+03 2.783406e+02 1.921453e+03
-5.523330e-04 1.718429e+03 2.755727e+02 1.902346e+03
-5.601408e-04 1.749876e+03 2.806156e+02 1.937159e+03
-5.711479e-04 1.806690e+03 2.897264e+02 2.000052e+03
-5.896187e-04 1.889186e+03 3.029558e+02 2.091378e+03
-6.125975e-04 1.894330e+03 3.037808e+02 2.097073e+03
-6.334903e-04 1.905617e+03 3.055907e+02 2.109568e+03
-6.750492e-04 1.842153e+03 2.954134e+02 2.039311e+03
-7.406035e-04 1.897008e+03 3.042102e+02 2.100038e+03
-7.883286e-04 1.837842e+03 2.947222e+02 2.034539e+03
-8.429720e-04 1.840826e+03 2.952006e+02 2.037842e+03
-9.445310e-04 1.807273e+03 2.898199e+02 2.000698e+03
-1.067339e-03 1.815241e+03 2.910977e+02 2.009519e+03
-1.173783e-03 1.788366e+03 2.867880e+02 1.979768e+03
-1.357125e-03 1.795604e+03 2.879488e+02 1.987781e+03
-1.624241e-03 1.814668e+03 2.910059e+02 2.008885e+03
-1.864142e-03 1.868807e+03 2.996877e+02 2.068818e+03
-2.057014e-03 1.784950e+03 2.862402e+02 1.975986e+03
-2.328977e-03 1.753124e+03 2.811365e+02 1.940754e+03
-2.745089e-03 1.813936e+03 2.908885e+02 2.008075e+03
-3.108865e-03 1.888508e+03 3.028471e+02 2.090628e+03
-3.550896e-03 1.867042e+03 2.994048e+02 2.066864e+03
-4.126258e-03 1.787256e+03 2.866100e+02 1.978539e+03
-4.564562e-03 1.831290e+03 2.936714e+02 2.027286e+03
-4.627780e-03 1.817297e+03 2.914275e+02 2.011795e+03
-4.165388e-03 1.855267e+03 2.975164e+02 2.053828e+03
-3.726102e-03 1.824536e+03 2.925883e+02 2.019809e+03
-3.696169e-03 1.804368e+03 2.893541e+02 1.997482e+03
-3.932155e-03 1.798920e+03 2.884804e+02 1.991451e+03
-4.326897e-03 1.776071e+03 2.848163e+02 1.966157e+03
-4.634706e-03 1.792952e+03 2.875235e+02 1.984845e+03
-4.796659e-03 1.875091e+03 3.006955e+02 2.075775e+03
-4.785207e-03 1.917244e+03 3.074553e+02 2.122439e+03
-4.464336e-03 1.903267e+03 3.052139e+02 2.106966e+03
-4.170301e-03 1.920069e+03 3.079083e+02 2.125566e+03
-4.001273e-03 1.824821e+03 2.926340e+02 2.020124e+03
-3.765510e-03 1.813039e+03 2.907446e+02 2.007081e+03
-3.468083e-03 1.821946e+03 2.921730e+02 2.016942e+03
-3.143615e-03 1.836501e+03 2.945071e+02 2.033055e+03
-2.993968e-03 1.868415e+03 2.996248e+02 2.068384e+03
-3.046426e-03 1.764752e+03 2.830012e+02 1.953627e+03
-3.207255e-03 1.771602e+03 2.840996e+02 1.961209e+03
-3.395757e-03 1.744652e+03 2.797779e+02 1.931375e+03
-3.298246e-03 1.786599e+03 2.865046e+02 1.977812e+03
-3.068464e-03 1.816580e+03 2.913124e+02 2.011001e+03
-3.014182e-03 1.793295e+03 2.875785e+02 1.985225e+03
-2.946699e-03 1.838010e+03 2.947491e+02 2.034725e+03
-2.763122e-03 1.760026e+03 2.822432e+02 1.948394e+03
-2.697948e-03 1.762200e+03 2.825919e+02 1.950801e+03
-2.716885e-03 1.765827e+03 2.831735e+02 1.954816e+03
-2.644652e-03 1.764124e+03 2.829004e+02 1.952931e+03
-2.495160e-03 1.830764e+03 2.935871e+02 2.026704e+03
-2.297717e-03 1.880850e+03 3.016190e+02 2.082150e+03
-2.096487e-03 1.954243e+03 3.133885e+02 2.163397e+03
-1.941797e-03 1.914122e+03 3.069546e+02 2.118983e+03
-1.826049e-03 1.850554e+03 2.967606e+02 2.048611e+03
-1.695697e-03 1.839288e+03 2.949540e+02 2.036140e+03
-1.556709e-03 1.835293e+03 2.943134e+02 2.031717e+03
-1.439862e-03 1.835807e+03 2.943958e+02 2.032286e+03
-1.332995e-03 1.870161e+03 2.999049e+02 2.070317e+03
-1.253288e-03 1.805993e+03 2.896148e+02 1.999282e+03
-1.196505e-03 1.818250e+03 2.915803e+02 2.012850e+03
-1.150336e-03 1.812116e+03 2.905966e+02 2.006060e+03
-1.119208e-03 1.845507e+03 2.959513e+02 2.043024e+03
-1.080828e-03 1.928819e+03 3.093115e+02 2.135253e+03
-1.041845e-03 1.972357e+03 3.162934e+02 2.183451e+03
-1.020222e-03 1.913110e+03 3.067924e+02 2.117863e+03
-9.881374e-04 1.931875e+03 3.098016e+02 2.138636e+03
-9.187839e-04 1.932279e+03 3.098663e+02 2.139083e+03
-8.443876e-04 1.888111e+03 3.027834e+02 2.090188e+03
-7.909391e-04 1.969159e+03 3.157806e+02 2.179911e+03
-7.589539e-04 1.933689e+03 3.100925e+02 2.140645e+03
-7.384041e-04 1.931234e+03 3.096987e+02 2.137926e+03
-7.329478e-04 1.915915e+03 3.072422e+02 2.120968e+03
-7.448192e-04 1.873739e+03 3.004787e+02 2.074278e+03
-7.694963e-04 1.888444e+03 3.028369e+02 2.090557e+03
-7.976541e-04 1.857234e+03 2.978319e+02 2.056006e+03
-8.217234e-04 1.821347e+03 2.920768e+02 2.016278e+03
-8.395449e-04 1.892053e+03 3.034156e+02 2.094552e+03
-8.470674e-04 1.977544e+03 3.171252e+02 2.189193e+03
-8.453850e-04 1.910580e+03 3.063866e+02 2.115062e+03
-8.484513e-04 1.923637e+03 3.084805e+02 2.129517e+03
-8.535664e-04 1.876803e+03 3.009700e+02 2.077670e+03
-8.439160e-04 1.884310e+03 3.021739e+02 2.085981e+03
-8.123484e-04 1.921616e+03 3.081564e+02 2.127279e+03
-7.721131e-04 1.991599e+03 3.193791e+02 2.204752e+03
-7.382167e-04 1.908321e+03 3.060244e+02 2.112561e+03
-7.191505e-04 1.863773e+03 2.988804e+02 2.063245e+03
-7.164676e-04 1.916538e+03 3.073420e+02 2.121657e+03
-7.238604e-04 1.876114e+03 3.008596e+02 2.076907e+03
-7.327989e-04 1.852858e+03 2.971301e+02 2.051162e+03
-7.386303e-04 1.870195e+03 2.999103e+02 2.070354e+03
-7.423348e-04 1.847941e+03 2.963416e+02 2.045719e+03
-7.432223e-04 1.903192e+03 3.052019e+02 2.106883e+03
-7.457565e-04 1.909773e+03 3.062572e+02 2.114169e+03
-7.477792e-04 1.905529e+03 3.055766e+02 2.109470e+03
-7.448434e-04 1.889509e+03 3.030077e+02 2.091736e+03
-7.414282e-04 1.815926e+03 2.912076e+02 2.010277e+03
-7.393544e-04 1.851645e+03 2.969356e+02 2.049819e+03
-7.320205e-04 1.845882e+03 2.960114e+02 2.043439e+03
-7.286867e-04 1.860536e+03 2.983615e+02 2.059662e+03
-7.268266e-04 1.873529e+03 3.004450e+02 2.074046e+03
-7.240220e-04 1.807711e+03 2.898902e+02 2.001183e+03
-7.246465e-04 1.785102e+03 2.862645e+02 1.976154e+03
-7.309085e-04 1.814640e+03 2.910013e+02 2.008853e+03
-7.420671e-04 1.814584e+03 2.909923e+02 2.008791e+03
-7.585216e-04 1.711564e+03 2.744718e+02 1.894746e+03
-7.773906e-04 1.784267e+03 2.861307e+02 1.975230e+03
-7.990212e-04 1.776139e+03 2.848272e+02 1.966232e+03
-8.236408e-04 1.755062e+03 2.814472e+02 1.942899e+03
-8.514784e-04 1.746987e+03 2.801523e+02 1.933960e+03
-8.826581e-04 1.762008e+03 2.825611e+02 1.950588e+03
-9.179212e-04 1.706133e+03 2.736008e+02 1.888734e+03
-9.502080e-04 1.740105e+03 2.790487e+02 1.926342e+03
-9.689226e-04 1.828431e+03 2.932130e+02 2.024121e+03
-9.913914e-04 1.810560e+03 2.903471e+02 2.004337e+03
-1.021769e-03 1.822324e+03 2.922335e+02 2.017360e+03
-1.060067e-03 1.808822e+03 2.900683e+02 2.002413e+03
-1.108729e-03 1.826614e+03 2.929215e+02 2.022109e+03
-1.189742e-03 1.828755e+03 2.932649e+02 2.024479e+03
-1.305390e-03 1.857159e+03 2.978199e+02 2.055924e+03
-1.447038e-03 1.869519e+03 2.998019e+02 2.069606e+03
-1.635784e-03 1.811885e+03 2.905596e+02 2.005804e+03
-1.881871e-03 1.831330e+03 2.936779e+02 2.027330e+03
-2.229423e-03 1.865138e+03 2.990994e+02 2.064757e+03
-2.706238e-03 1.808965e+03 2.900913e+02 2.002572e+03
-3.312022e-03 1.849178e+03 2.965400e+02 2.047089e+03
-4.007663e-03 1.871872e+03 3.001793e+02 2.072211e+03
-4.846533e-03 1.869671e+03 2.998264e+02 2.069775e+03
-6.048138e-03 1.837689e+03 2.946976e+02 2.034370e+03
-7.653664e-03 1.781091e+03 2.856214e+02 1.971714e+03
-9.063775e-03 1.806288e+03 2.896620e+02 1.999608e+03
-9.849313e-03 1.767362e+03 2.834198e+02 1.956516e+03
-1.094580e-02 1.790943e+03 2.872012e+02 1.982620e+03
-1.300088e-02 1.811722e+03 2.905335e+02 2.005624e+03
-1.626374e-02 1.813563e+03 2.908287e+02 2.007662e+03
-1.961800e-02 1.816978e+03 2.913763e+02 2.011442e+03
-2.500526e-02 1.735350e+03 2.782862e+02 1.921078e+03
-3.841405e-02 1.810550e+03 2.903456e+02 2.004327e+03
-5.962379e-02 1.781890e+03 2.857494e+02 1.972598e+03
-9.184956e-02 1.815747e+03 2.911788e+02 2.010079e+03
-1.455075e-01 1.843346e+03 2.956048e+02 2.040632e+03
-2.174490e-01 1.886824e+03 3.025770e+02 2.088763e+03
-2.944394e-01 2.007325e+03 3.219009e+02 2.222161e+03
-3.937284e-01 1.902925e+03 3.051590e+02 2.106587e+03
-4.892204e-01 1.902967e+03 3.051657e+02 2.106634e+03
-5.307152e-01 1.934198e+03 3.101741e+02 2.141208e+03
-4.848091e-01 1.950201e+03 3.127403e+02 2.158923e+03
-4.081293e-01 1.814308e+03 2.909481e+02 2.008486e+03
-3.507708e-01 1.835830e+03 2.943995e+02 2.032312e+03
-2.602872e-01 1.851979e+03 2.969892e+02 2.050189e+03
-1.739407e-01 1.848511e+03 2.964329e+02 2.046349e+03
-1.312942e-01 1.859709e+03 2.982288e+02 2.058747e+03
-1.075810e-01 1.893951e+03 3.037199e+02 2.096653e+03
-8.759925e-02 1.895498e+03 3.039680e+02 2.098366e+03
-7.159788e-02 1.921660e+03 3.081634e+02 2.127327e+03
-5.780545e-02 1.925767e+03 3.088220e+02 2.131874e+03
-5.306041e-02 1.904704e+03 3.054443e+02 2.108557e+03
-5.755495e-02 1.902665e+03 3.051174e+02 2.106300e+03
-6.223962e-02 1.917325e+03 3.074682e+02 2.122529e+03
-5.920579e-02 1.895697e+03 3.039999e+02 2.098586e+03
-5.199040e-02 1.900678e+03 3.047987e+02 2.104100e+03
-4.764863e-02 1.800493e+03 2.887327e+02 1.993192e+03
-4.299039e-02 1.891041e+03 3.032532e+02 2.093431e+03
-3.350705e-02 1.926062e+03 3.088693e+02 2.132200e+03
-2.349694e-02 1.909304e+03 3.061820e+02 2.113649e+03
-1.605952e-02 1.962367e+03 3.146914e+02 2.172392e+03
-1.175982e-02 1.955618e+03 3.136091e+02 2.164920e+03
-9.327526e-03 1.881140e+03 3.016656e+02 2.082471e+03
-7.757213e-03 1.821069e+03 2.920324e+02 2.015971e+03
-6.841631e-03 1.851154e+03 2.968569e+02 2.049276e+03
-6.360787e-03 1.779385e+03 2.853478e+02 1.969826e+03
-6.622390e-03 1.794725e+03 2.878078e+02 1.986808e+03
-7.417005e-03 1.771411e+03 2.840690e+02 1.960998e+03
-7.826205e-03 1.764907e+03 2.830261e+02 1.953798e+03
-7.122187e-03 1.737708e+03 2.786644e+02 1.923688e+03
-6.259847e-03 1.743412e+03 2.795791e+02 1.930003e+03
-5.574279e-03 1.764139e+03 2.829028e+02 1.952948e+03
-4.940307e-03 1.789545e+03 2.869771e+02 1.981073e+03
-4.451545e-03 1.876979e+03 3.009983e+02 2.077865e+03
-4.171804e-03 1.854747e+03 2.974330e+02 2.053253e+03
-4.156035e-03 1.775069e+03 2.846557e+02 1.965048e+03
-4.341995e-03 1.760186e+03 2.822689e+02 1.948571e+03
-4.706277e-03 1.800877e+03 2.887942e+02 1.993617e+03
-5.583818e-03 1.800650e+03 2.887579e+02 1.993367e+03
-6.915387e-03 1.870644e+03 2.999824e+02 2.070852e+03
-8.287796e-03 1.881925e+03 3.017914e+02 2.083340e+03
-8.732599e-03 1.882038e+03 3.018095e+02 2.083465e+03
-7.997678e-03 1.856175e+03 2.976621e+02 2.054835e+03
-6.718657e-03 1.905651e+03 3.055962e+02 2.109605e+03
-5.577887e-03 1.917444e+03 3.074873e+02 2.122660e+03
-4.764538e-03 1.962925e+03 3.147809e+02 2.173010e+03
-3.951272e-03 1.909085e+03 3.061469e+02 2.113407e+03
-3.225787e-03 1.861997e+03 2.985957e+02 2.061279e+03
-2.617419e-03 1.763190e+03 2.827507e+02 1.951897e+03
-2.158786e-03 1.807228e+03 2.898128e+02 2.000648e+03
-1.897432e-03 1.792226e+03 2.874070e+02 1.984041e+03
-1.799520e-03 1.860323e+03 2.983273e+02 2.059426e+03
-1.793140e-03 1.797409e+03 2.882381e+02 1.989778e+03
-1.817013e-03 1.806855e+03 2.897530e+02 2.000236e+03
-1.799526e-03 1.837581e+03 2.946802e+02 2.034250e+03
-1.736455e-03 1.800095e+03 2.886689e+02 1.992752e+03
-1.633072e-03 1.780937e+03 2.855967e+02 1.971544e+03
-1.520009e-03 1.840925e+03 2.952165e+02 2.037952e+03
-1.458559e-03 1.877805e+03 3.011308e+02 2.078779e+03
-1.367696e-03 1.869603e+03 2.998154e+02 2.069699e+03
-1.230463e-03 1.922571e+03 3.083095e+02 2.128336e+03
-1.127788e-03 1.874763e+03 3.006430e+02 2.075412e+03
-1.069504e-03 1.904683e+03 3.054409e+02 2.108533e+03
-1.042398e-03 1.942858e+03 3.115628e+02 2.150795e+03
-1.022175e-03 1.879685e+03 3.014321e+02 2.080860e+03
-1.016968e-03 1.924597e+03 3.086345e+02 2.130580e+03
-1.038388e-03 1.895217e+03 3.039230e+02 2.098055e+03
-1.083726e-03 1.888664e+03 3.028721e+02 2.090801e+03
-1.159350e-03 1.937863e+03 3.107618e+02 2.145265e+03
-1.248175e-03 1.918284e+03 3.076220e+02 2.123590e+03
-1.335225e-03 1.991581e+03 3.193762e+02 2.204732e+03
-1.432439e-03 1.971841e+03 3.162106e+02 2.182879e+03
-1.535256e-03 1.949406e+03 3.126128e+02 2.158043e+03
-1.656497e-03 1.948972e+03 3.125433e+02 2.157563e+03
-1.788330e-03 1.964335e+03 3.150070e+02 2.174570e+03
-1.895901e-03 2.018454e+03 3.236857e+02 2.234481e+03
-2.005555e-03 2.002816e+03 3.211779e+02 2.217169e+03
-2.121672e-03 1.956190e+03 3.137008e+02 2.165553e+03
-2.246819e-03 1.919751e+03 3.078573e+02 2.125214e+03
-2.312787e-03 1.819245e+03 2.917399e+02 2.013952e+03
-2.355038e-03 1.803629e+03 2.892356e+02 1.996664e+03
-2.426444e-03 1.882088e+03 3.018176e+02 2.083521e+03
-2.485908e-03 1.897075e+03 3.042209e+02 2.100112e+03
-2.565433e-03 1.850511e+03 2.967538e+02 2.048564e+03
-2.626696e-03 1.801617e+03 2.889130e+02 1.994437e+03
-2.768647e-03 1.778457e+03 2.851990e+02 1.968798e+03
-2.943930e-03 1.762413e+03 2.826260e+02 1.951037e+03
-3.054653e-03 1.840304e+03 2.951170e+02 2.037265e+03
-3.219727e-03 1.883895e+03 3.021073e+02 2.085521e+03
-3.358060e-03 1.919564e+03 3.078273e+02 2.125007e+03
-3.554332e-03 1.882771e+03 3.019271e+02 2.084277e+03
-3.821935e-03 1.881062e+03 3.016531e+02 2.082385e+03
-3.948291e-03 1.858457e+03 2.980280e+02 2.057360e+03
-3.940973e-03 1.913217e+03 3.068095e+02 2.117981e+03
-3.906469e-03 1.893753e+03 3.036882e+02 2.096434e+03
-3.922691e-03 1.963733e+03 3.149103e+02 2.173903e+03
-3.788483e-03 1.920562e+03 3.079873e+02 2.126112e+03
-3.554922e-03 1.947161e+03 3.122529e+02 2.155558e+03
-3.444843e-03 1.989453e+03 3.190349e+02 2.202376e+03
-3.403043e-03 1.928732e+03 3.092976e+02 2.135157e+03
-3.395786e-03 1.888874e+03 3.029057e+02 2.091032e+03
-3.467879e-03 1.921760e+03 3.081795e+02 2.127438e+03
-3.619729e-03 1.906179e+03 3.056809e+02 2.110190e+03
-3.741810e-03 1.907449e+03 3.058845e+02 2.111596e+03
-3.792839e-03 1.918119e+03 3.075957e+02 2.123408e+03
-3.944252e-03 1.846997e+03 2.961903e+02 2.044674e+03
-4.212977e-03 1.862540e+03 2.986827e+02 2.061880e+03
-4.605370e-03 1.787833e+03 2.867025e+02 1.979178e+03
-5.120299e-03 1.739880e+03 2.790126e+02 1.926092e+03
-5.813042e-03 1.779412e+03 2.853522e+02 1.969856e+03
-6.705166e-03 1.815517e+03 2.911420e+02 2.009824e+03
-7.495423e-03 1.825756e+03 2.927839e+02 2.021159e+03
-8.130718e-03 1.804520e+03 2.893784e+02 1.997650e+03
-8.577683e-03 1.799729e+03 2.886102e+02 1.992347e+03
-9.081042e-03 1.855480e+03 2.975506e+02 2.054065e+03
-1.004226e-02 1.836082e+03 2.944400e+02 2.032591e+03
-1.127077e-02 1.778910e+03 2.852716e+02 1.969300e+03
-1.187968e-02 1.828693e+03 2.932549e+02 2.024410e+03
-1.143246e-02 1.797055e+03 2.881815e+02 1.989387e+03
-1.148159e-02 1.787158e+03 2.865942e+02 1.978430e+03
-1.230486e-02 1.787653e+03 2.866736e+02 1.978978e+03
-1.303753e-02 1.797591e+03 2.882674e+02 1.989980e+03
-1.352634e-02 1.770354e+03 2.838995e+02 1.959828e+03
-1.478691e-02 1.697778e+03 2.722610e+02 1.879484e+03
-1.709277e-02 1.789533e+03 2.869751e+02 1.981060e+03
-1.924868e-02 1.760887e+03 2.823814e+02 1.949348e+03
-2.108353e-02 1.762242e+03 2.825986e+02 1.950848e+03
-2.321086e-02 1.755641e+03 2.815401e+02 1.943540e+03
-2.588395e-02 1.737529e+03 2.786356e+02 1.923490e+03
-2.990439e-02 1.774451e+03 2.845565e+02 1.964363e+03
-3.416241e-02 1.802581e+03 2.890675e+02 1.995504e+03
-3.296505e-02 1.771192e+03 2.840339e+02 1.960756e+03
-2.763875e-02 1.799735e+03 2.886111e+02 1.992353e+03
-2.482893e-02 1.789908e+03 2.870352e+02 1.981474e+03
-2.556025e-02 1.818569e+03 2.916315e+02 2.013204e+03
-2.680678e-02 1.867974e+03 2.995543e+02 2.067896e+03
-2.768355e-02 1.867390e+03 2.994605e+02 2.067249e+03
-2.920038e-02 1.823696e+03 2.924536e+02 2.018879e+03
-3.099247e-02 1.808370e+03 2.899959e+02 2.001913e+03
-3.136307e-02 1.842626e+03 2.954893e+02 2.039835e+03
-3.077652e-02 1.895635e+03 3.039900e+02 2.098517e+03
-3.178626e-02 1.876083e+03 3.008546e+02 2.076873e+03
-3.408269e-02 1.961563e+03 3.145624e+02 2.171501e+03
-3.115130e-02 1.956887e+03 3.138125e+02 2.166324e+03
-2.379394e-02 1.914715e+03 3.070496e+02 2.119639e+03
-1.902164e-02 1.868081e+03 2.995713e+02 2.068014e+03
-1.569172e-02 1.896968e+03 3.042037e+02 2.099993e+03
-1.284704e-02 1.847716e+03 2.963056e+02 2.045470e+03
-1.102749e-02 1.854100e+03 2.973292e+02 2.052537e+03
-9.979027e-03 1.844625e+03 2.958099e+02 2.042048e+03
-9.325614e-03 1.947792e+03 3.123540e+02 2.156256e+03
-9.147010e-03 1.875144e+03 3.007040e+02 2.075833e+03
-9.239099e-03 1.906983e+03 3.058097e+02 2.111079e+03
-9.593342e-03 1.837076e+03 2.945993e+02 2.033691e+03
-1.025973e-02 1.914397e+03 3.069987e+02 2.119287e+03
-1.101561e-02 1.892282e+03 3.034523e+02 2.094805e+03
-1.154554e-02 1.827725e+03 2.930997e+02 2.023339e+03
-1.168980e-02 1.805139e+03 2.894778e+02 1.998336e+03
-1.150984e-02 1.740483e+03 2.791094e+02 1.926760e+03
-1.143575e-02 1.658918e+03 2.660293e+02 1.836465e+03
-1.149408e-02 1.682704e+03 2.698437e+02 1.862797e+03
-1.159529e-02 1.725983e+03 2.767841e+02 1.910709e+03
-1.205052e-02 1.782334e+03 2.858207e+02 1.973090e+03
-1.296444e-02 1.848822e+03 2.964829e+02 2.046694e+03
-1.389276e-02 1.869354e+03 2.997754e+02 2.069423e+03
-1.444023e-02 1.870859e+03 3.000167e+02 2.071089e+03
-1.504682e-02 1.857444e+03 2.978656e+02 2.056239e+03
-1.617029e-02 1.803462e+03 2.892088e+02 1.996479e+03
-1.773202e-02 1.808147e+03 2.899601e+02 2.001665e+03
-1.939107e-02 1.820305e+03 2.919098e+02 2.015125e+03
-2.124235e-02 1.821055e+03 2.920301e+02 2.015955e+03
-2.296172e-02 1.842006e+03 2.953899e+02 2.039149e+03
-2.488567e-02 1.832142e+03 2.938081e+02 2.028229e+03
-2.729385e-02 1.900121e+03 3.047094e+02 2.103484e+03
-3.051902e-02 1.961201e+03 3.145044e+02 2.171101e+03
-3.370601e-02 2.001355e+03 3.209435e+02 2.215552e+03
-3.459732e-02 2.014094e+03 3.229864e+02 2.229654e+03
-3.178313e-02 1.989622e+03 3.190620e+02 2.202563e+03
-2.673544e-02 1.941839e+03 3.113993e+02 2.149666e+03
-2.224689e-02 1.939233e+03 3.109815e+02 2.146781e+03
-1.771065e-02 1.900641e+03 3.047928e+02 2.104059e+03
-1.369614e-02 1.919598e+03 3.078328e+02 2.125045e+03
-1.135352e-02 1.894540e+03 3.038144e+02 2.097305e+03
-9.727842e-03 1.876398e+03 3.009050e+02 2.077221e+03
-7.993051e-03 1.839598e+03 2.950038e+02 2.036483e+03
-6.400503e-03 1.828048e+03 2.931515e+02 2.023697e+03
-5.232364e-03 1.822033e+03 2.921870e+02 2.017038e+03
-4.569259e-03 1.821212e+03 2.920553e+02 2.016129e+03
-4.238946e-03 1.821408e+03 2.920867e+02 2.016346e+03
-4.054973e-03 1.824461e+03 2.925763e+02 2.019726e+03
-3.981606e-03 1.826744e+03 2.929425e+02 2.022254e+03
-3.925340e-03 1.807669e+03 2.898835e+02 2.001137e+03
-3.779026e-03 1.815982e+03 2.912165e+02 2.010339e+03
-3.603352e-03 1.838983e+03 2.949050e+02 2.035802e+03
-3.518668e-03 1.797617e+03 2.882715e+02 1.990009e+03
-3.559537e-03 1.866387e+03 2.992996e+02 2.066139e+03
-3.790882e-03 1.856999e+03 2.977942e+02 2.055746e+03
-4.345488e-03 1.907046e+03 3.058199e+02 2.111150e+03
-4.948583e-03 1.991574e+03 3.193750e+02 2.204724e+03
-5.544783e-03 1.980604e+03 3.176158e+02 2.192580e+03
-6.524022e-03 2.004758e+03 3.214893e+02 2.219319e+03
-7.895195e-03 2.006890e+03 3.218312e+02 2.221680e+03
-9.040058e-03 1.985525e+03 3.184051e+02 2.198028e+03
-1.001036e-02 1.936517e+03 3.105459e+02 2.143775e+03
-1.169551e-02 1.907387e+03 3.058746e+02 2.111527e+03
-1.336072e-02 1.849611e+03 2.966094e+02 2.047567e+03
-1.447303e-02 1.866942e+03 2.993886e+02 2.066753e+03
-1.473540e-02 1.853993e+03 2.973122e+02 2.052419e+03
-1.373177e-02 1.816343e+03 2.912744e+02 2.010739e+03
-1.246281e-02 1.844194e+03 2.957407e+02 2.041571e+03
-1.119458e-02 1.900533e+03 3.047754e+02 2.103940e+03
-1.009386e-02 1.911281e+03 3.064990e+02 2.115838e+03
-9.291148e-03 1.963501e+03 3.148731e+02 2.173646e+03
-8.784420e-03 2.012293e+03 3.226975e+02 2.227660e+03
-9.354091e-03 1.962374e+03 3.146924e+02 2.172399e+03
-1.129739e-02 1.979223e+03 3.173945e+02 2.191052e+03
-1.503921e-02 1.956817e+03 3.138014e+02 2.166248e+03
-1.963839e-02 1.980039e+03 3.175253e+02 2.191955e+03
-2.291625e-02 1.952912e+03 3.131751e+02 2.161924e+03
-2.380387e-02 1.841801e+03 2.953570e+02 2.038921e+03
-2.026830e-02 1.916691e+03 3.073666e+02 2.121827e+03
-1.632178e-02 1.895221e+03 3.039236e+02 2.098059e+03
-1.396660e-02 1.818934e+03 2.916900e+02 2.013607e+03
-1.191890e-02 1.830101e+03 2.934807e+02 2.025969e+03
-1.028890e-02 1.852221e+03 2.970280e+02 2.050457e+03
-9.801275e-03 1.861826e+03 2.985683e+02 2.061090e+03
-9.169239e-03 1.837298e+03 2.946348e+02 2.033936e+03
-7.520441e-03 1.826170e+03 2.928503e+02 2.021617e+03
-5.873662e-03 1.832968e+03 2.939406e+02 2.029144e+03
-4.718954e-03 1.840071e+03 2.950795e+02 2.037006e+03
-3.971295e-03 1.871797e+03 3.001672e+02 2.072128e+03
-3.579798e-03 1.882424e+03 3.018714e+02 2.083892e+03
-3.379301e-03 1.946541e+03 3.121535e+02 2.154872e+03
-3.168828e-03 1.943287e+03 3.116317e+02 2.151270e+03
-2.941100e-03 2.016659e+03 3.233978e+02 2.232494e+03
-2.715225e-03 1.903728e+03 3.052877e+02 2.107476e+03
-2.608276e-03 1.966250e+03 3.153140e+02 2.176690e+03
-2.611092e-03 1.965526e+03 3.151980e+02 2.175889e+03
-2.613097e-03 1.942931e+03 3.115746e+02 2.150875e+03
-2.544512e-03 1.926956e+03 3.090127e+02 2.133190e+03
-2.475421e-03 1.938069e+03 3.107948e+02 2.145492e+03
-2.491270e-03 1.899863e+03 3.046680e+02 2.103198e+03
-2.584405e-03 1.935864e+03 3.104412e+02 2.143052e+03
-2.748684e-03 1.928664e+03 3.092866e+02 2.135081e+03
-2.912152e-03 1.885417e+03 3.023514e+02 2.087206e+03
-3.075551e-03 1.838601e+03 2.948438e+02 2.035379e+03
-3.180796e-03 1.874521e+03 3.006041e+02 2.075144e+03
-3.172163e-03 1.846314e+03 2.960807e+02 2.043917e+03
-3.070837e-03 1.846208e+03 2.960638e+02 2.043801e+03
-2.958231e-03 1.832244e+03 2.938244e+02 2.028342e+03
-2.934482e-03 1.898539e+03 3.044557e+02 2.101733e+03
-3.036904e-03 1.881014e+03 3.016453e+02 2.082331e+03
-3.180279e-03 1.855333e+03 2.975271e+02 2.053902e+03
-3.243865e-03 1.831324e+03 2.936769e+02 2.027324e+03
-3.222969e-03 1.850461e+03 2.967458e+02 2.048509e+03
-3.121990e-03 1.802984e+03 2.891322e+02 1.995951e+03
-3.048141e-03 1.801926e+03 2.889624e+02 1.994778e+03
-3.023266e-03 1.762034e+03 2.825654e+02 1.950618e+03
-2.969234e-03 1.781422e+03 2.856744e+02 1.972080e+03
-2.917336e-03 1.720591e+03 2.759194e+02 1.904740e+03
-2.875440e-03 1.721601e+03 2.760813e+02 1.905857e+03
-2.852567e-03 1.738467e+03 2.787860e+02 1.924528e+03
-2.891107e-03 1.739957e+03 2.790249e+02 1.926177e+03
-2.941790e-03 1.831067e+03 2.936357e+02 2.027039e+03
-2.958155e-03 1.866732e+03 2.993549e+02 2.066521e+03
-2.989468e-03 1.903957e+03 3.053245e+02 2.107730e+03
-3.031990e-03 1.873327e+03 3.004126e+02 2.073822e+03
-3.075814e-03 1.828042e+03 2.931506e+02 2.023690e+03
-3.173715e-03 1.721487e+03 2.760630e+02 1.905731e+03
-3.387747e-03 1.734531e+03 2.781548e+02 1.920171e+03
-3.614364e-03 1.751539e+03 2.808823e+02 1.938999e+03
-3.767852e-03 1.769542e+03 2.837693e+02 1.958929e+03
-3.948242e-03 1.794875e+03 2.878317e+02 1.986973e+03
-4.223564e-03 1.878068e+03 3.011729e+02 2.079071e+03
-4.615658e-03 1.886267e+03 3.024876e+02 2.088146e+03
-5.141422e-03 1.837019e+03 2.945902e+02 2.033628e+03
-5.732845e-03 1.833220e+03 2.939809e+02 2.029422e+03
-6.640689e-03 1.834671e+03 2.942136e+02 2.031029e+03
-7.646341e-03 1.834704e+03 2.942189e+02 2.031065e+03
-8.222276e-03 1.843648e+03 2.956532e+02 2.040966e+03
-8.576063e-03 1.900892e+03 3.048331e+02 2.104337e+03
-8.771250e-03 1.909938e+03 3.062837e+02 2.114351e+03
-9.208005e-03 1.877135e+03 3.010232e+02 2.078037e+03
-9.897304e-03 1.851024e+03 2.968360e+02 2.049132e+03
-1.065382e-02 1.836766e+03 2.945496e+02 2.033348e+03
-1.163330e-02 1.856721e+03 2.977496e+02 2.055438e+03
-1.291304e-02 1.846478e+03 2.961070e+02 2.044099e+03
-1.365273e-02 1.886472e+03 3.025205e+02 2.088373e+03
-1.324981e-02 1.863447e+03 2.988282e+02 2.062884e+03
-1.231990e-02 1.810819e+03 2.903887e+02 2.004624e+03
-1.166218e-02 1.817742e+03 2.914988e+02 2.012288e+03
-1.102830e-02 1.766695e+03 2.833128e+02 1.955778e+03
-1.042028e-02 1.759770e+03 2.822023e+02 1.948111e+03
-1.037966e-02 1.786375e+03 2.864687e+02 1.977563e+03
-1.095978e-02 1.763547e+03 2.828079e+02 1.952292e+03
-1.194449e-02 1.777230e+03 2.850022e+02 1.967440e+03
-1.341703e-02 1.744346e+03 2.797289e+02 1.931037e+03
-1.493964e-02 1.801348e+03 2.888698e+02 1.994139e+03
-1.568954e-02 1.856530e+03 2.977190e+02 2.055227e+03
-1.661100e-02 1.880702e+03 3.015952e+02 2.081986e+03
-1.740144e-02 1.931971e+03 3.098169e+02 2.138742e+03
-1.817835e-02 1.947364e+03 3.122854e+02 2.155783e+03
-1.947769e-02 1.993015e+03 3.196061e+02 2.206319e+03
-2.047122e-02 2.018194e+03 3.236439e+02 2.234193e+03
-2.096044e-02 2.006242e+03 3.217273e+02 2.220963e+03
-2.100282e-02 1.974518e+03 3.166399e+02 2.185843e+03
-2.263826e-02 1.904164e+03 3.053577e+02 2.107959e+03
-2.557307e-02 1.976441e+03 3.169482e+02 2.187971e+03
-2.966036e-02 1.953569e+03 3.132805e+02 2.162652e+03
-3.841904e-02 1.967840e+03 3.155690e+02 2.178450e+03
-5.402162e-02 1.940234e+03 3.111421e+02 2.147890e+03
-7.168615e-02 1.945265e+03 3.119487e+02 2.153459e+03
-8.118505e-02 1.869458e+03 2.997921e+02 2.069539e+03
-8.733599e-02 1.812508e+03 2.906595e+02 2.006494e+03
-9.742096e-02 1.770537e+03 2.839289e+02 1.960031e+03
-1.122162e-01 1.807756e+03 2.898975e+02 2.001233e+03
-1.290148e-01 1.829970e+03 2.934597e+02 2.025824e+03
-1.609600e-01 1.879083e+03 3.013357e+02 2.080194e+03
-2.168008e-01 1.843236e+03 2.955870e+02 2.040510e+03
-2.700749e-01 1.802487e+03 2.890525e+02 1.995400e+03
-2.895912e-01 1.798111e+03 2.883508e+02 1.990556e+03
-2.594238e-01 1.799499e+03 2.885733e+02 1.992092e+03
-2.215570e-01 1.802196e+03 2.890058e+02 1.995078e+03
-1.961507e-01 1.814419e+03 2.909660e+02 2.008609e+03
-1.680439e-01 1.827394e+03 2.930466e+02 2.022973e+03
-1.405813e-01 1.811061e+03 2.904274e+02 2.004891e+03
-1.256224e-01 1.873726e+03 3.004766e+02 2.074264e+03
-1.140827e-01 1.895157e+03 3.039134e+02 2.097988e+03
-1.083017e-01 1.892049e+03 3.034148e+02 2.094547e+03
-1.235522e-01 1.921124e+03 3.080774e+02 2.126734e+03
-1.553002e-01 1.878227e+03 3.011984e+02 2.079246e+03
-2.230570e-01 1.913773e+03 3.068987e+02 2.118597e+03
-3.764896e-01 1.943527e+03 3.116701e+02 2.151535e+03
-5.570799e-01 1.914540e+03 3.070217e+02 2.119446e+03
-7.203995e-01 1.922430e+03 3.082868e+02 2.128180e+03
-9.032465e-01 1.876318e+03 3.008923e+02 2.077133e+03
-1.009874e+00 1.867357e+03 2.994553e+02 2.067213e+03
-1.018586e+00 1.795563e+03 2.879422e+02 1.987735e+03
-1.014099e+00 1.874713e+03 3.006349e+02 2.075356e+03
-9.746482e-01 1.859265e+03 2.981576e+02 2.058255e+03
-8.440885e-01 1.831302e+03 2.936733e+02 2.027299e+03
-8.143677e-01 1.870841e+03 3.000140e+02 2.071070e+03
-8.903709e-01 1.875844e+03 3.008162e+02 2.076608e+03
-9.742838e-01 1.844854e+03 2.958467e+02 2.042302e+03
-1.007054e+00 1.853383e+03 2.972143e+02 2.051743e+03
-9.237294e-01 1.846234e+03 2.960678e+02 2.043829e+03
-8.746167e-01 1.825846e+03 2.927983e+02 2.021259e+03
-9.512004e-01 1.811239e+03 2.904560e+02 2.005089e+03
-1.003689e+00 1.853431e+03 2.972220e+02 2.051796e+03
-8.514452e-01 1.885230e+03 3.023214e+02 2.086999e+03
-6.298784e-01 1.829709e+03 2.934179e+02 2.025536e+03
-4.461782e-01 1.859555e+03 2.982040e+02 2.058576e+03
-2.918669e-01 1.840076e+03 2.950804e+02 2.037012e+03
-1.516284e-01 1.880210e+03 3.015163e+02 2.081441e+03
-7.381595e-02 1.921274e+03 3.081015e+02 2.126900e+03
-4.298689e-02 1.877036e+03 3.010074e+02 2.077928e+03
-2.678003e-02 1.829719e+03 2.934194e+02 2.025546e+03
-1.861349e-02 1.753475e+03 2.811928e+02 1.941143e+03
-1.547498e-02 1.828965e+03 2.932986e+02 2.024712e+03
-1.402325e-02 1.780648e+03 2.855502e+02 1.971223e+03
-1.307869e-02 1.908235e+03 3.060105e+02 2.112465e+03
-1.247769e-02 1.914951e+03 3.070876e+02 2.119901e+03
-1.186271e-02 1.876773e+03 3.009653e+02 2.077637e+03
-1.105047e-02 1.877763e+03 3.011240e+02 2.078733e+03
-1.026543e-02 1.801634e+03 2.889157e+02 1.994456e+03
-9.908559e-03 1.826690e+03 2.929337e+02 2.022193e+03
-9.960823e-03 1.867063e+03 2.994081e+02 2.066887e+03
-1.022644e-02 1.786311e+03 2.864584e+02 1.977493e+03
-1.032274e-02 1.782314e+03 2.858174e+02 1.973068e+03
-1.056489e-02 1.764248e+03 2.829203e+02 1.953068e+03
-1.087766e-02 1.761153e+03 2.824240e+02 1.949642e+03
-1.093295e-02 1.737633e+03 2.786523e+02 1.923605e+03
-1.103922e-02 1.766322e+03 2.832529e+02 1.955364e+03
-1.148013e-02 1.888386e+03 3.028275e+02 2.090493e+03
-1.283859e-02 1.946668e+03 3.121739e+02 2.155013e+03
-1.499809e-02 1.995441e+03 3.199952e+02 2.209005e+03
-1.762765e-02 1.943977e+03 3.117422e+02 2.152033e+03
-2.031178e-02 1.925611e+03 3.087971e+02 2.131702e+03
-2.353323e-02 1.891899e+03 3.033908e+02 2.094381e+03
-2.818097e-02 1.862580e+03 2.986892e+02 2.061925e+03
-3.010196e-02 1.864374e+03 2.989769e+02 2.063911e+03
-2.931119e-02 1.875873e+03 3.008209e+02 2.076641e+03
-2.807878e-02 1.811245e+03 2.904569e+02 2.005095e+03
-2.780180e-02 1.785613e+03 2.863466e+02 1.976721e+03
-2.909052e-02 1.817262e+03 2.914219e+02 2.011757e+03
-3.002592e-02 1.724649e+03 2.765701e+02 1.909231e+03
-2.886548e-02 1.777665e+03 2.850720e+02 1.967922e+03
-2.529660e-02 1.779297e+03 2.853336e+02 1.969728e+03
-2.164139e-02 1.813054e+03 2.907471e+02 2.007098e+03
-1.817070e-02 1.828201e+03 2.931761e+02 2.023866e+03
-1.498272e-02 1.833648e+03 2.940496e+02 2.029896e+03
-1.267160e-02 1.875052e+03 3.006893e+02 2.075732e+03
-1.119220e-02 1.812485e+03 2.906558e+02 2.006469e+03
-1.020788e-02 1.896339e+03 3.041029e+02 2.099297e+03
-9.658533e-03 1.918367e+03 3.076353e+02 2.123682e+03
-9.606270e-03 1.963236e+03 3.148307e+02 2.173354e+03
-9.366158e-03 1.859053e+03 2.981235e+02 2.058020e+03
-8.106897e-03 1.853493e+03 2.972320e+02 2.051865e+03
-6.604292e-03 1.859626e+03 2.982155e+02 2.058655e+03
-5.660168e-03 1.848127e+03 2.963714e+02 2.045925e+03
-5.009494e-03 1.745563e+03 2.799239e+02 1.932383e+03
-4.520905e-03 1.705573e+03 2.735110e+02 1.888113e+03
-4.116537e-03 1.698702e+03 2.724092e+02 1.880507e+03
-3.736437e-03 1.719279e+03 2.757090e+02 1.903287e+03
-3.424875e-03 1.741904e+03 2.793371e+02 1.928333e+03
-3.160982e-03 1.718456e+03 2.755770e+02 1.902376e+03
-2.934446e-03 1.742005e+03 2.793534e+02 1.928445e+03
-2.735370e-03 1.783503e+03 2.860081e+02 1.974384e+03
-2.632882e-03 1.810479e+03 2.903341e+02 2.004247e+03
-2.607472e-03 1.776885e+03 2.849468e+02 1.967058e+03
-2.600214e-03 1.822242e+03 2.922204e+02 2.017269e+03
-2.593091e-03 1.881085e+03 3.016566e+02 2.082410e+03
-2.598994e-03 1.872676e+03 3.003082e+02 2.073101e+03
-2.628618e-03 1.891476e+03 3.033230e+02 2.093913e+03
-2.650930e-03 1.872561e+03 3.002898e+02 2.072974e+03
-2.633391e-03 1.791777e+03 2.873350e+02 1.983544e+03
-2.631057e-03 1.842412e+03 2.954549e+02 2.039598e+03
-2.611387e-03 1.955599e+03 3.136060e+02 2.164899e+03
-2.579834e-03 1.965234e+03 3.151511e+02 2.175565e+03
-2.581809e-03 1.992736e+03 3.195615e+02 2.206011e+03
-2.601806e-03 2.010509e+03 3.224115e+02 2.225686e+03
-2.647460e-03 1.956743e+03 3.137895e+02 2.166166e+03
-2.676054e-03 1.933953e+03 3.101347e+02 2.140936e+03
-2.704311e-03 1.847541e+03 2.962775e+02 2.045276e+03
-2.771900e-03 1.826903e+03 2.929679e+02 2.022429e+03
-2.872289e-03 1.810549e+03 2.903454e+02 2.004325e+03
-3.034875e-03 1.818582e+03 2.916334e+02 2.013217e+03
-3.294727e-03 1.944897e+03 3.118898e+02 2.153052e+03
-3.487395e-03 1.921840e+03 3.081922e+02 2.127526e+03
-3.559162e-03 1.932585e+03 3.099154e+02 2.139422e+03
-3.572225e-03 1.853583e+03 2.972464e+02 2.051965e+03
-3.490589e-03 1.875481e+03 3.007580e+02 2.076206e+03
-3.401098e-03 1.880070e+03 3.014940e+02 2.081287e+03
-3.415822e-03 1.921934e+03 3.082073e+02 2.127631e+03
-3.514524e-03 1.887838e+03 3.027396e+02 2.089885e+03
-3.609029e-03 1.859219e+03 2.981503e+02 2.058204e+03
-3.579386e-03 1.911136e+03 3.064757e+02 2.115677e+03
-3.400725e-03 1.988590e+03 3.188965e+02 2.201421e+03
-3.201220e-03 1.962526e+03 3.147169e+02 2.172568e+03
-3.155175e-03 2.005952e+03 3.216808e+02 2.220642e+03
-3.299704e-03 2.033962e+03 3.261726e+02 2.251649e+03
-3.473763e-03 2.017884e+03 3.235943e+02 2.233851e+03
-3.563316e-03 1.924987e+03 3.086969e+02 2.131011e+03
-3.566264e-03 1.888509e+03 3.028472e+02 2.090628e+03
-3.488131e-03 1.916931e+03 3.074051e+02 2.122093e+03
-3.276438e-03 1.937047e+03 3.106309e+02 2.144361e+03
-2.949536e-03 1.903206e+03 3.052041e+02 2.106899e+03
-2.639074e-03 1.894031e+03 3.037327e+02 2.096741e+03
-2.412754e-03 1.859195e+03 2.981464e+02 2.058177e+03
-2.328650e-03 1.891434e+03 3.033163e+02 2.093867e+03
-2.291506e-03 1.875085e+03 3.006946e+02 2.075768e+03
-2.204008e-03 1.920595e+03 3.079927e+02 2.126149e+03
-2.121863e-03 1.891153e+03 3.032712e+02 2.093555e+03
-2.098635e-03 1.918650e+03 3.076807e+02 2.123995e+03
-2.111351e-03 1.914202e+03 3.069674e+02 2.119072e+03
-2.126871e-03 1.884953e+03 3.022771e+02 2.086693e+03
-2.100484e-03 1.910223e+03 3.063293e+02 2.114666e+03
-2.052920e-03 1.894317e+03 3.037786e+02 2.097058e+03
-2.015817e-03 1.919003e+03 3.077374e+02 2.124387e+03
-1.970722e-03 1.907477e+03 3.058889e+02 2.111626e+03
-1.953734e-03 1.947384e+03 3.122886e+02 2.155805e+03
-1.923335e-03 1.911410e+03 3.065197e+02 2.115981e+03
-1.885778e-03 1.926860e+03 3.089973e+02 2.133084e+03
-1.875631e-03 1.856867e+03 2.977729e+02 2.055600e+03
-1.867487e-03 1.901324e+03 3.049022e+02 2.104815e+03
-1.883693e-03 1.877496e+03 3.010812e+02 2.078437e+03
-1.923722e-03 1.756040e+03 2.816042e+02 1.943983e+03
-2.008702e-03 1.818682e+03 2.916496e+02 2.013329e+03
-2.143987e-03 1.810526e+03 2.903417e+02 2.004300e+03
-2.254807e-03 1.827742e+03 2.931024e+02 2.023358e+03
-2.317287e-03 1.810964e+03 2.904119e+02 2.004785e+03
-2.387553e-03 1.803808e+03 2.892643e+02 1.996862e+03
-2.525692e-03 1.752419e+03 2.810234e+02 1.939973e+03
-2.746548e-03 1.753649e+03 2.812207e+02 1.941335e+03
-3.096158e-03 1.771168e+03 2.840300e+02 1.960729e+03
-3.653743e-03 1.749501e+03 2.805554e+02 1.936743e+03
-4.544307e-03 1.789352e+03 2.869462e+02 1.980860e+03
-5.848828e-03 1.864362e+03 2.989749e+02 2.063897e+03
-7.810367e-03 1.884661e+03 3.022302e+02 2.086369e+03
-1.019170e-02 1.945371e+03 3.119659e+02 2.153577e+03
-1.325647e-02 1.928738e+03 3.092985e+02 2.135163e+03
-1.740589e-02 1.908911e+03 3.061189e+02 2.113214e+03
-2.083049e-02 1.905896e+03 3.056354e+02 2.109876e+03
-2.432416e-02 1.895259e+03 3.039296e+02 2.098101e+03
-2.955912e-02 1.915237e+03 3.071334e+02 2.120217e+03
-3.721737e-02 1.871051e+03 3.000476e+02 2.071302e+03
-4.710441e-02 1.940456e+03 3.111776e+02 2.148135e+03
-5.665195e-02 1.986672e+03 3.185890e+02 2.199298e+03
-6.495326e-02 1.936429e+03 3.105319e+02 2.143678e+03
-6.485189e-02 1.903500e+03 3.052513e+02 2.107225e+03
-5.856890e-02 1.967474e+03 3.155104e+02 2.178045e+03
-5.059549e-02 1.977916e+03 3.171848e+02 2.189605e+03
-4.037568e-02 1.901221e+03 3.048858e+02 2.104701e+03
-2.734676e-02 1.892739e+03 3.035255e+02 2.095311e+03
-1.671065e-02 1.936611e+03 3.105611e+02 2.143879e+03
-1.061964e-02 1.874205e+03 3.005534e+02 2.074794e+03
-7.057133e-03 1.889227e+03 3.029623e+02 2.091423e+03
-5.083068e-03 1.893591e+03 3.036623e+02 2.096255e+03
-4.094503e-03 1.860322e+03 2.983271e+02 2.059425e+03
-3.424900e-03 1.787273e+03 2.866127e+02 1.978557e+03
-2.856018e-03 1.825365e+03 2.927212e+02 2.020726e+03
-2.397288e-03 1.829067e+03 2.933149e+02 2.024825e+03
-2.105888e-03 1.863743e+03 2.988757e+02 2.063212e+03
-1.939117e-03 1.862147e+03 2.986198e+02 2.061446e+03
-1.861482e-03 1.831515e+03 2.937074e+02 2.027534e+03
-1.855447e-03 1.822322e+03 2.922333e+02 2.017358e+03
-1.862750e-03 1.887153e+03 3.026299e+02 2.089128e+03
-1.875131e-03 1.840139e+03 2.950904e+02 2.037081e+03
-1.885531e-03 1.887547e+03 3.026930e+02 2.089564e+03
-1.859047e-03 1.918642e+03 3.076795e+02 2.123987e+03
-1.821996e-03 1.891058e+03 3.032561e+02 2.093451e+03
-1.807829e-03 1.949802e+03 3.126763e+02 2.158481e+03
-1.796315e-03 1.965414e+03 3.151800e+02 2.175765e+03
-1.780231e-03 1.939874e+03 3.110842e+02 2.147491e+03
-1.776450e-03 1.942685e+03 3.115350e+02 2.150603e+03
-1.744024e-03 1.923437e+03 3.084483e+02 2.129294e+03
-1.684390e-03 1.909164e+03 3.061595e+02 2.113494e+03
-1.643641e-03 1.922893e+03 3.083612e+02 2.128693e+03
-1.620359e-03 1.876767e+03 3.009642e+02 2.077630e+03
-1.589753e-03 1.863820e+03 2.988880e+02 2.063297e+03
-1.554268e-03 1.897822e+03 3.043406e+02 2.100938e+03
-1.534424e-03 1.881390e+03 3.017056e+02 2.082748e+03
-1.536738e-03 1.929550e+03 3.094286e+02 2.136062e+03
-1.561868e-03 1.801448e+03 2.888858e+02 1.994250e+03
-1.623771e-03 1.830676e+03 2.935729e+02 2.026606e+03
