#E_pot  E_kin  T  P
-2.168415e-09 7.602657e+01 3.047965e+02 8.416339e+01
-2.172768e-09 7.063561e+01 2.831837e+02 7.819546e+01
-2.174800e-09 7.006269e+01 2.808868e+02 7.756123e+01
-2.182305e-09 8.623279e+01 3.457140e+02 9.546194e+01
-2.195387e-09 6.915258e+01 2.772381e+02 7.655370e+01
-2.209256e-09 6.190295e+01 2.481738e+02 6.852818e+01
-2.217246e-09 6.784326e+01 2.719890e+02 7.510426e+01
-2.217283e-09 6.512346e+01 2.610851e+02 7.209337e+01
-2.215796e-09 5.423829e+01 2.174456e+02 6.004320e+01
-2.216712e-09 5.282448e+01 2.117775e+02 5.847807e+01
-2.223425e-09 5.265378e+01 2.110931e+02 5.828911e+01
-2.237026e-09 4.811530e+01 1.928980e+02 5.326490e+01
-2.253572e-09 5.183554e+01 2.078127e+02 5.738329e+01
-2.268657e-09 5.651586e+01 2.265765e+02 6.256453e+01
-2.278206e-09 6.367436e+01 2.552755e+02 7.048917e+01
-2.280557e-09 7.272533e+01 2.915615e+02 8.050883e+01
-2.278216e-09 6.862179e+01 2.751102e+02 7.596611e+01
-2.273831e-09 5.828064e+01 2.336517e+02 6.451819e+01
-2.272428e-09 5.539905e+01 2.220991e+02 6.132819e+01
-2.271973e-09 5.965467e+01 2.391603e+02 6.603928e+01
-2.269436e-09 6.491596e+01 2.602532e+02 7.186366e+01
-2.267230e-09 6.911175e+01 2.770744e+02 7.650851e+01
-2.270053e-09 6.445473e+01 2.584041e+02 7.135306e+01
-2.275242e-09 6.123587e+01 2.454994e+02 6.778971e+01
-2.280468e-09 7.951278e+01 3.187730e+02 8.802272e+01
-2.290884e-09 1.093439e+02 4.383685e+02 1.210466e+02
-2.296919e-09 1.026520e+02 4.115400e+02 1.136385e+02
-2.295963e-09 1.021823e+02 4.096568e+02 1.131185e+02
-2.294039e-09 1.024962e+02 4.109153e+02 1.134660e+02
-2.286809e-09 9.224106e+01 3.698017e+02 1.021133e+02
-2.271976e-09 1.001981e+02 4.017020e+02 1.109219e+02
-2.258191e-09 8.877931e+01 3.559232e+02 9.828100e+01
-2.249395e-09 9.082546e+01 3.641264e+02 1.005461e+02
-2.242030e-09 8.422646e+01 3.376705e+02 9.324089e+01
-2.235690e-09 7.793044e+01 3.124293e+02 8.627103e+01
-2.232457e-09 7.246181e+01 2.905051e+02 8.021711e+01
-2.227520e-09 8.509289e+01 3.411441e+02 9.420005e+01
-2.218785e-09 7.580140e+01 3.038938e+02 8.391413e+01
-2.214254e-09 1.023690e+02 4.104055e+02 1.133252e+02
-2.213907e-09 1.049688e+02 4.208282e+02 1.162032e+02
-2.212496e-09 9.362731e+01 3.753592e+02 1.036479e+02
-2.207402e-09 1.096606e+02 4.396380e+02 1.213971e+02
-2.200235e-09 1.168892e+02 4.686178e+02 1.293993e+02
-2.196955e-09 1.029322e+02 4.126633e+02 1.139486e+02
-2.197279e-09 1.026306e+02 4.114540e+02 1.136147e+02
-2.192832e-09 9.411238e+01 3.773039e+02 1.041849e+02
-2.186286e-09 7.874968e+01 3.157137e+02 8.717795e+01
-2.183812e-09 9.445424e+01 3.786745e+02 1.045633e+02
-2.183199e-09 9.195640e+01 3.686604e+02 1.017981e+02
-2.181609e-09 7.725079e+01 3.097045e+02 8.551864e+01
-2.182751e-09 6.323279e+01 2.535052e+02 7.000035e+01
-2.186851e-09 6.364280e+01 2.551490e+02 7.045424e+01
-2.189586e-09 6.253241e+01 2.506973e+02 6.922500e+01
-2.190544e-09 5.892737e+01 2.362445e+02 6.523414e+01
-2.187185e-09 6.743078e+01 2.703353e+02 7.464763e+01
-2.186894e-09 7.093012e+01 2.843644e+02 7.852149e+01
-2.192714e-09 6.854709e+01 2.748107e+02 7.588342e+01
-2.194904e-09 6.723247e+01 2.695403e+02 7.442810e+01
-2.193340e-09 5.965434e+01 2.391590e+02 6.603891e+01
-2.194643e-09 6.471543e+01 2.594493e+02 7.164167e+01
-2.201014e-09 7.264124e+01 2.912244e+02 8.041574e+01
-2.208885e-09 8.014578e+01 3.213107e+02 8.872347e+01
-2.210680e-09 7.106448e+01 2.849031e+02 7.867024e+01
-2.206067e-09 6.574161e+01 2.635633e+02 7.277768e+01
-2.203529e-09 6.948595e+01 2.785746e+02 7.692275e+01
-2.207298e-09 7.794276e+01 3.124786e+02 8.628466e+01
-2.216939e-09 8.037948e+01 3.222477e+02 8.898218e+01
-2.232347e-09 6.931860e+01 2.779037e+02 7.673749e+01
-2.243883e-09 7.802829e+01 3.128216e+02 8.637935e+01
-2.251957e-09 9.804480e+01 3.930693e+02 1.085381e+02
-2.267487e-09 8.643194e+01 3.465124e+02 9.568240e+01
-2.284007e-09 8.142813e+01 3.264518e+02 9.014306e+01
-2.292503e-09 7.852495e+01 3.148127e+02 8.692916e+01
-2.297538e-09 9.042840e+01 3.625345e+02 1.001066e+02
-2.303874e-09 8.758117e+01 3.511198e+02 9.695463e+01
-2.306680e-09 8.815566e+01 3.534230e+02 9.759061e+01
-2.306558e-09 8.397428e+01 3.366595e+02 9.296171e+01
-2.307314e-09 8.192818e+01 3.284565e+02 9.069663e+01
-2.302877e-09 8.264471e+01 3.313291e+02 9.148985e+01
-2.284006e-09 7.116688e+01 2.853136e+02 7.878358e+01
-2.255573e-09 7.865294e+01 3.153258e+02 8.707085e+01
-2.227441e-09 9.333388e+01 3.741829e+02 1.033230e+02
-2.209498e-09 8.384576e+01 3.361442e+02 9.281944e+01
-2.202004e-09 7.374173e+01 2.956364e+02 8.163402e+01
-2.191961e-09 7.633725e+01 3.060420e+02 8.450732e+01
-2.178092e-09 7.361267e+01 2.951190e+02 8.149114e+01
-2.164160e-09 8.125940e+01 3.257753e+02 8.995627e+01
-2.149227e-09 8.863591e+01 3.553483e+02 9.812226e+01
-2.132049e-09 9.538594e+01 3.824097e+02 1.055947e+02
-2.112464e-09 9.670489e+01 3.876975e+02 1.070548e+02
-2.094720e-09 9.532709e+01 3.821738e+02 1.055296e+02
-2.084804e-09 9.152208e+01 3.669192e+02 1.013173e+02
-2.076819e-09 9.755012e+01 3.910861e+02 1.079905e+02
-2.074246e-09 8.008217e+01 3.210557e+02 8.865305e+01
-2.079673e-09 8.446724e+01 3.386358e+02 9.350743e+01
-2.081615e-09 8.091144e+01 3.243803e+02 8.957107e+01
-2.083492e-09 8.005715e+01 3.209554e+02 8.862535e+01
-2.088108e-09 9.436591e+01 3.783203e+02 1.044655e+02
-2.091099e-09 1.015234e+02 4.070152e+02 1.123890e+02
-2.097319e-09 8.847929e+01 3.547204e+02 9.794888e+01
-2.106480e-09 9.684433e+01 3.882565e+02 1.072092e+02
-2.114219e-09 8.693594e+01 3.485330e+02 9.624035e+01
-2.128612e-09 7.784034e+01 3.120680e+02 8.617128e+01
-2.147517e-09 6.734925e+01 2.700084e+02 7.455737e+01
-2.163864e-09 6.403764e+01 2.567319e+02 7.089133e+01
-2.184629e-09 7.952473e+01 3.188209e+02 8.803595e+01
-2.210473e-09 7.900112e+01 3.167217e+02 8.745630e+01
-2.234828e-09 7.655357e+01 3.069093e+02 8.474680e+01
-2.253657e-09 7.134170e+01 2.860145e+02 7.897712e+01
-2.269622e-09 6.193579e+01 2.483055e+02 6.856454e+01
-2.289638e-09 6.687206e+01 2.680953e+02 7.402911e+01
-2.309226e-09 6.556717e+01 2.628639e+02 7.258456e+01
-2.323287e-09 7.011405e+01 2.810927e+02 7.761808e+01
-2.337349e-09 6.921933e+01 2.775057e+02 7.662761e+01
-2.345196e-09 6.883527e+01 2.759660e+02 7.620244e+01
-2.344402e-09 7.365173e+01 2.952756e+02 8.153438e+01
-2.343327e-09 6.143349e+01 2.462917e+02 6.800847e+01
-2.341336e-09 6.879137e+01 2.757900e+02 7.615384e+01
-2.338952e-09 6.560174e+01 2.630025e+02 7.262284e+01
-2.334356e-09 7.325677e+01 2.936921e+02 8.109715e+01
-2.329110e-09 5.859383e+01 2.349073e+02 6.486490e+01
-2.324954e-09 6.090143e+01 2.441586e+02 6.741947e+01
-2.322333e-09 6.437516e+01 2.580851e+02 7.126498e+01
-2.315997e-09 6.101996e+01 2.446338e+02 6.755068e+01
-2.309268e-09 5.739083e+01 2.300843e+02 6.353314e+01
-2.307597e-09 6.411201e+01 2.570301e+02 7.097366e+01
-2.302686e-09 6.432107e+01 2.578682e+02 7.120510e+01
-2.298840e-09 6.234615e+01 2.499506e+02 6.901882e+01
-2.302369e-09 6.521483e+01 2.614514e+02 7.219451e+01
-2.308632e-09 7.294814e+01 2.924548e+02 8.075549e+01
-2.311689e-09 7.779853e+01 3.119004e+02 8.612500e+01
-2.310156e-09 8.513917e+01 3.413296e+02 9.425127e+01
-2.304287e-09 8.205881e+01 3.289802e+02 9.084124e+01
-2.292233e-09 9.006781e+01 3.610889e+02 9.970741e+01
-2.281182e-09 8.900403e+01 3.568241e+02 9.852978e+01
-2.275512e-09 6.963152e+01 2.791582e+02 7.708391e+01
-2.271806e-09 6.948629e+01 2.785760e+02 7.692313e+01
-2.277389e-09 6.265255e+01 2.511790e+02 6.935801e+01
-2.293637e-09 6.783478e+01 2.719550e+02 7.509487e+01
-2.312145e-09 7.236358e+01 2.901113e+02 8.010837e+01
-2.329743e-09 6.564113e+01 2.631604e+02 7.266644e+01
-2.345996e-09 7.091864e+01 2.843184e+02 7.850878e+01
-2.358151e-09 6.136697e+01 2.460250e+02 6.793483e+01
-2.366347e-09 6.189641e+01 2.481476e+02 6.852094e+01
-2.370191e-09 5.946628e+01 2.384050e+02 6.583072e+01
-2.368368e-09 5.896363e+01 2.363898e+02 6.527427e+01
-2.366948e-09 5.607980e+01 2.248283e+02 6.208180e+01
-2.370686e-09 5.398145e+01 2.164159e+02 5.975887e+01
-2.380562e-09 5.594406e+01 2.242841e+02 6.193153e+01
-2.391312e-09 4.650215e+01 1.864308e+02 5.147909e+01
-2.396575e-09 3.925623e+01 1.573813e+02 4.345767e+01
-2.398355e-09 4.258645e+01 1.707324e+02 4.714431e+01
-2.403325e-09 5.556836e+01 2.227779e+02 6.151562e+01
-2.411255e-09 5.189229e+01 2.080403e+02 5.744612e+01
-2.417239e-09 6.870174e+01 2.754307e+02 7.605461e+01
-2.420676e-09 7.446826e+01 2.985491e+02 8.243830e+01
-2.422949e-09 7.888674e+01 3.162631e+02 8.732968e+01
-2.421131e-09 6.581061e+01 2.638399e+02 7.285405e+01
-2.415469e-09 6.411044e+01 2.570238e+02 7.097193e+01
-2.411272e-09 6.046711e+01 2.424174e+02 6.693867e+01
-2.407701e-09 6.144562e+01 2.463403e+02 6.802191e+01
-2.404620e-09 6.047436e+01 2.424465e+02 6.694670e+01
-2.404361e-09 6.740924e+01 2.702489e+02 7.462378e+01
-2.404978e-09 6.537693e+01 2.621013e+02 7.237397e+01
-2.402426e-09 7.885852e+01 3.161500e+02 8.729843e+01
-2.403974e-09 7.080432e+01 2.838601e+02 7.838223e+01
-2.415173e-09 7.765343e+01 3.113187e+02 8.596437e+01
-2.428979e-09 6.994307e+01 2.804073e+02 7.742881e+01
-2.439602e-09 6.367017e+01 2.552587e+02 7.048454e+01
-2.448743e-09 8.096517e+01 3.245957e+02 8.963055e+01
-2.453650e-09 7.614479e+01 3.052704e+02 8.429426e+01
-2.455658e-09 8.153896e+01 3.268961e+02 9.026576e+01
-2.458983e-09 7.907880e+01 3.170331e+02 8.754229e+01
-2.465420e-09 7.268512e+01 2.914004e+02 8.046432e+01
-2.478455e-09 6.903928e+01 2.767839e+02 7.642828e+01
-2.493742e-09 6.278238e+01 2.516995e+02 6.950173e+01
-2.512014e-09 5.963190e+01 2.390690e+02 6.601407e+01
-2.537353e-09 5.482811e+01 2.198102e+02 6.069614e+01
-2.568208e-09 6.464488e+01 2.591664e+02 7.156357e+01
-2.599167e-09 6.201437e+01 2.486205e+02 6.865152e+01
-2.627271e-09 6.535653e+01 2.620194e+02 7.235138e+01
-2.651808e-09 5.200087e+01 2.084756e+02 5.756632e+01
-2.671690e-09 6.853372e+01 2.747571e+02 7.586862e+01
-2.688975e-09 6.697008e+01 2.684883e+02 7.413762e+01
-2.708081e-09 7.362091e+01 2.951520e+02 8.150027e+01
-2.738671e-09 8.337239e+01 3.342465e+02 9.229541e+01
-2.782968e-09 8.966185e+01 3.594614e+02 9.925800e+01
-2.832745e-09 8.763472e+01 3.513345e+02 9.701392e+01
-2.887736e-09 8.666719e+01 3.474556e+02 9.594284e+01
-2.948264e-09 7.733766e+01 3.100528e+02 8.561481e+01
-3.009506e-09 7.592200e+01 3.043773e+02 8.404764e+01
-3.080470e-09 8.569382e+01 3.435533e+02 9.486529e+01
-3.157738e-09 8.631748e+01 3.460536e+02 9.555570e+01
-3.232907e-09 7.897659e+01 3.166234e+02 8.742914e+01
-3.293953e-09 6.533383e+01 2.619285e+02 7.232625e+01
-3.339157e-09 6.526713e+01 2.616610e+02 7.225241e+01
-3.390238e-09 7.170071e+01 2.874538e+02 7.937455e+01
-3.452265e-09 7.665225e+01 3.073049e+02 8.485604e+01
-3.508651e-09 7.267034e+01 2.913411e+02 8.044796e+01
-3.541668e-09 6.231374e+01 2.498207e+02 6.898293e+01
-3.556720e-09 5.953720e+01 2.386893e+02 6.590923e+01
-3.577072e-09 5.582581e+01 2.238100e+02 6.180062e+01
-3.613161e-09 5.895517e+01 2.363559e+02 6.526491e+01
-3.648932e-09 7.534830e+01 3.020772e+02 8.341253e+01
-3.679223e-09 9.421629e+01 3.777205e+02 1.042999e+02
-3.715783e-09 8.919034e+01 3.575711e+02 9.873603e+01
-3.759841e-09 8.176737e+01 3.278118e+02 9.051860e+01
-3.821024e-09 8.402138e+01 3.368483e+02 9.301386e+01
-3.896303e-09 7.955679e+01 3.189494e+02 8.807143e+01
-3.973903e-09 8.301795e+01 3.328255e+02 9.190303e+01
-4.052901e-09 9.022144e+01 3.617049e+02 9.987749e+01
-4.112929e-09 8.198162e+01 3.286708e+02 9.075579e+01
-4.150760e-09 7.746993e+01 3.105830e+02 8.576123e+01
-4.190816e-09 6.842961e+01 2.743397e+02 7.575336e+01
-4.240607e-09 5.885420e+01 2.359511e+02 6.515313e+01
-4.281525e-09 5.785216e+01 2.319339e+02 6.404385e+01
-4.310955e-09 6.343888e+01 2.543315e+02 7.022850e+01
-4.344095e-09 5.522171e+01 2.213882e+02 6.113187e+01
-4.388146e-09 5.101292e+01 2.045148e+02 5.647263e+01
-4.431152e-09 7.206935e+01 2.889317e+02 7.978265e+01
-4.487217e-09 6.599123e+01 2.645640e+02 7.305401e+01
-4.550399e-09 5.565450e+01 2.231233e+02 6.161098e+01
-4.572095e-09 5.391600e+01 2.161535e+02 5.968641e+01
-4.556586e-09 5.437287e+01 2.179851e+02 6.019218e+01
-4.526006e-09 5.561947e+01 2.229828e+02 6.157220e+01
-4.485405e-09 6.755162e+01 2.708198e+02 7.478141e+01
-4.427203e-09 5.833964e+01 2.338882e+02 6.458350e+01
-4.354215e-09 6.570621e+01 2.634214e+02 7.273849e+01
-4.285320e-09 6.251568e+01 2.506303e+02 6.920649e+01
-4.220887e-09 6.296503e+01 2.524317e+02 6.970393e+01
-4.161702e-09 6.463363e+01 2.591213e+02 7.155112e+01
-4.115507e-09 5.809396e+01 2.329032e+02 6.431153e+01
-4.081073e-09 6.497613e+01 2.604944e+02 7.193027e+01
-4.051298e-09 6.673292e+01 2.675375e+02 7.387508e+01
-4.025517e-09 7.242257e+01 2.903478e+02 8.017367e+01
-4.007808e-09 6.215473e+01 2.491832e+02 6.880691e+01
-4.001150e-09 6.051987e+01 2.426289e+02 6.699707e+01
-4.009480e-09 7.209702e+01 2.890426e+02 7.981328e+01
-4.030550e-09 6.388712e+01 2.561285e+02 7.072470e+01
-4.056456e-09 7.164958e+01 2.872488e+02 7.931795e+01
-4.086027e-09 6.174881e+01 2.475558e+02 6.835754e+01
-4.126304e-09 5.312038e+01 2.129638e+02 5.880565e+01
-4.169745e-09 6.386432e+01 2.560371e+02 7.069947e+01
-4.192773e-09 5.268161e+01 2.112047e+02 5.831992e+01
-4.193937e-09 5.517458e+01 2.211992e+02 6.107970e+01
-4.177951e-09 6.615995e+01 2.652404e+02 7.324079e+01
-4.151195e-09 5.981306e+01 2.397952e+02 6.621461e+01
-4.134286e-09 4.897791e+01 1.963563e+02 5.421982e+01
-4.120922e-09 6.322323e+01 2.534669e+02 6.998976e+01
-4.089370e-09 5.827694e+01 2.336368e+02 6.451409e+01
-4.064521e-09 6.126530e+01 2.456174e+02 6.782229e+01
-4.043935e-09 7.550379e+01 3.027006e+02 8.358466e+01
-4.018776e-09 7.898289e+01 3.166486e+02 8.743612e+01
-4.003162e-09 9.324235e+01 3.738159e+02 1.032217e+02
-3.981781e-09 9.242888e+01 3.705546e+02 1.023212e+02
-3.956606e-09 9.965729e+01 3.995339e+02 1.103232e+02
-3.936562e-09 9.600013e+01 3.848721e+02 1.062746e+02
-3.905099e-09 9.099515e+01 3.648067e+02 1.007340e+02
-3.864636e-09 9.635423e+01 3.862917e+02 1.066666e+02
-3.831832e-09 1.021726e+02 4.096179e+02 1.131077e+02
-3.810016e-09 8.899136e+01 3.567734e+02 9.851576e+01
-3.785143e-09 9.922708e+01 3.978092e+02 1.098470e+02
-3.758179e-09 9.992785e+01 4.006186e+02 1.106227e+02
-3.744460e-09 1.080399e+02 4.331405e+02 1.196030e+02
-3.732908e-09 1.056677e+02 4.236303e+02 1.169769e+02
-3.723402e-09 8.956375e+01 3.590681e+02 9.914940e+01
-3.705521e-09 8.165146e+01 3.273471e+02 9.039030e+01
-3.656506e-09 8.064367e+01 3.233068e+02 8.927464e+01
-3.589794e-09 8.738933e+01 3.503507e+02 9.674227e+01
-3.537891e-09 8.501267e+01 3.408225e+02 9.411124e+01
-3.497966e-09 8.638629e+01 3.463294e+02 9.563187e+01
-3.454397e-09 9.197186e+01 3.687224e+02 1.018152e+02
-3.416329e-09 8.916326e+01 3.574625e+02 9.870605e+01
-3.395862e-09 8.148502e+01 3.266799e+02 9.020604e+01
-3.385064e-09 7.023475e+01 2.815766e+02 7.775170e+01
-3.375047e-09 6.889616e+01 2.762101e+02 7.626984e+01
-3.376278e-09 6.544683e+01 2.623815e+02 7.245135e+01
-3.377734e-09 6.373879e+01 2.555338e+02 7.056050e+01
-3.371154e-09 6.311141e+01 2.530186e+02 6.986597e+01
-3.369462e-09 6.697147e+01 2.684939e+02 7.413916e+01
-3.358194e-09 6.512089e+01 2.610748e+02 7.209052e+01
-3.335799e-09 5.993308e+01 2.402764e+02 6.634748e+01
-3.318406e-09 6.715183e+01 2.692170e+02 7.433883e+01
-3.312204e-09 7.432837e+01 2.979883e+02 8.228345e+01
-3.308826e-09 8.267928e+01 3.314677e+02 9.152812e+01
-3.307678e-09 8.074339e+01 3.237066e+02 8.938503e+01
-3.310064e-09 7.396256e+01 2.965217e+02 8.187849e+01
-3.313938e-09 8.089740e+01 3.243240e+02 8.955552e+01
-3.329630e-09 8.433743e+01 3.381154e+02 9.336373e+01
-3.352838e-09 7.424848e+01 2.976680e+02 8.219500e+01
-3.385884e-09 7.754568e+01 3.108867e+02 8.584509e+01
-3.434201e-09 9.303633e+01 3.729899e+02 1.029936e+02
-3.483216e-09 7.950521e+01 3.187426e+02 8.801434e+01
-3.528874e-09 7.690457e+01 3.083164e+02 8.513536e+01
-3.578328e-09 7.104269e+01 2.848157e+02 7.864611e+01
-3.641853e-09 6.781125e+01 2.718606e+02 7.506882e+01
-3.714022e-09 6.856471e+01 2.748813e+02 7.590292e+01
-3.775676e-09 6.823162e+01 2.735459e+02 7.553419e+01
-3.827757e-09 6.572685e+01 2.635041e+02 7.276133e+01
-3.883759e-09 5.624638e+01 2.254961e+02 6.226621e+01
-3.951079e-09 5.557410e+01 2.228009e+02 6.152197e+01
-4.018854e-09 6.567302e+01 2.632883e+02 7.270174e+01
-4.078186e-09 6.918995e+01 2.773880e+02 7.659508e+01
-4.147509e-09 6.663730e+01 2.671542e+02 7.376923e+01
-4.222614e-09 8.903260e+01 3.569387e+02 9.856141e+01
-4.289761e-09 9.152299e+01 3.669229e+02 1.013183e+02
-4.361088e-09 9.211733e+01 3.693056e+02 1.019763e+02
-4.439776e-09 8.352296e+01 3.348501e+02 9.246209e+01
-4.527826e-09 7.914973e+01 3.173175e+02 8.762081e+01
-4.623901e-09 7.104530e+01 2.848262e+02 7.864900e+01
-4.725068e-09 6.765637e+01 2.712397e+02 7.489737e+01
-4.826369e-09 6.509254e+01 2.609611e+02 7.205913e+01
-4.898574e-09 7.459638e+01 2.990628e+02 8.258014e+01
-4.959650e-09 8.248784e+01 3.307002e+02 9.131619e+01
-5.068702e-09 8.751878e+01 3.508697e+02 9.688557e+01
-5.206093e-09 9.101464e+01 3.648849e+02 1.007556e+02
-5.303373e-09 9.556368e+01 3.831223e+02 1.057915e+02
-5.353987e-09 8.719858e+01 3.495860e+02 9.653110e+01
-5.398694e-09 8.136074e+01 3.261816e+02 9.006846e+01
-5.446942e-09 8.435578e+01 3.381889e+02 9.338405e+01
-5.480338e-09 1.151270e+02 4.615532e+02 1.274486e+02
-5.511341e-09 9.764548e+01 3.914684e+02 1.080961e+02
-5.552677e-09 1.038191e+02 4.162191e+02 1.149305e+02
-5.580217e-09 9.825547e+01 3.939139e+02 1.087714e+02
-5.596945e-09 1.045001e+02 4.189492e+02 1.156844e+02
-5.609334e-09 8.733438e+01 3.501304e+02 9.668143e+01
-5.633701e-09 9.889163e+01 3.964643e+02 1.094756e+02
-5.673080e-09 1.009072e+02 4.045450e+02 1.117069e+02
-5.718682e-09 9.307723e+01 3.731539e+02 1.030389e+02
-5.772725e-09 8.940474e+01 3.584306e+02 9.897338e+01
-5.821538e-09 8.015466e+01 3.213463e+02 8.873330e+01
-5.860346e-09 8.336791e+01 3.342285e+02 9.229044e+01
-5.893050e-09 7.666463e+01 3.073545e+02 8.486974e+01
-5.919802e-09 6.677221e+01 2.676950e+02 7.391858e+01
-5.943421e-09 7.617680e+01 3.053988e+02 8.432970e+01
-5.947733e-09 7.566232e+01 3.033362e+02 8.376015e+01
-5.955424e-09 7.935591e+01 3.181441e+02 8.784906e+01
-5.954132e-09 8.573557e+01 3.437206e+02 9.491151e+01
-5.917449e-09 8.169151e+01 3.275077e+02 9.043463e+01
-5.885519e-09 9.179253e+01 3.680035e+02 1.016167e+02
-5.869321e-09 8.161883e+01 3.272163e+02 9.035417e+01
-5.857629e-09 7.274806e+01 2.916527e+02 8.053400e+01
-5.849624e-09 8.203921e+01 3.289016e+02 9.081954e+01
-5.860634e-09 7.229033e+01 2.898176e+02 8.002728e+01
-5.893960e-09 6.750692e+01 2.706405e+02 7.473192e+01
-5.919851e-09 6.855684e+01 2.748497e+02 7.589420e+01
-5.950808e-09 5.800139e+01 2.325321e+02 6.420905e+01
-5.985479e-09 5.861335e+01 2.349855e+02 6.488650e+01
-5.989066e-09 6.926146e+01 2.776746e+02 7.667424e+01
-6.000864e-09 7.809712e+01 3.130975e+02 8.645555e+01
-6.046381e-09 6.020937e+01 2.413841e+02 6.665334e+01
-6.085161e-09 5.899840e+01 2.365292e+02 6.531277e+01
-6.099530e-09 5.254052e+01 2.106391e+02 5.816373e+01
-6.130129e-09 4.281286e+01 1.716401e+02 4.739495e+01
-6.190113e-09 5.176523e+01 2.075309e+02 5.730546e+01
-6.267198e-09 5.787547e+01 2.320273e+02 6.406965e+01
-6.377363e-09 5.277017e+01 2.115597e+02 5.841795e+01
-6.529214e-09 5.462225e+01 2.189849e+02 6.046825e+01
-6.666674e-09 5.700285e+01 2.285289e+02 6.310364e+01
-6.755252e-09 5.790423e+01 2.321426e+02 6.410149e+01
-6.826294e-09 4.695894e+01 1.882621e+02 5.198477e+01
-6.891248e-09 4.515578e+01 1.810331e+02 4.998862e+01
-6.931700e-09 4.300766e+01 1.724211e+02 4.761060e+01
-6.967084e-09 5.957024e+01 2.388218e+02 6.594581e+01
-7.070388e-09 5.394508e+01 2.162701e+02 5.971861e+01
-7.203829e-09 5.397649e+01 2.163960e+02 5.975338e+01
-7.296898e-09 5.615356e+01 2.251240e+02 6.216345e+01
-7.371962e-09 7.385105e+01 2.960747e+02 8.175504e+01
-7.423981e-09 6.980962e+01 2.798722e+02 7.728107e+01
-7.462093e-09 7.339555e+01 2.942485e+02 8.125079e+01
-7.532581e-09 6.333575e+01 2.539180e+02 7.011433e+01
-7.648459e-09 7.388972e+01 2.962297e+02 8.179784e+01
-7.809864e-09 6.836719e+01 2.740894e+02 7.568426e+01
-8.010317e-09 7.133428e+01 2.859847e+02 7.896891e+01
-8.266082e-09 7.807570e+01 3.130116e+02 8.643183e+01
-8.598973e-09 8.211155e+01 3.291916e+02 9.089962e+01
-9.006253e-09 8.938628e+01 3.583566e+02 9.895294e+01
-9.483409e-09 7.734869e+01 3.100970e+02 8.562702e+01
-9.953391e-09 7.885354e+01 3.161300e+02 8.729292e+01
-1.040556e-08 8.873753e+01 3.557557e+02 9.823476e+01
-1.080537e-08 8.210141e+01 3.291510e+02 9.088840e+01
-1.118608e-08 6.699832e+01 2.686015e+02 7.416889e+01
-1.155130e-08 6.350816e+01 2.546092e+02 7.030518e+01
-1.189232e-08 7.196335e+01 2.885067e+02 7.966530e+01
-1.227861e-08 6.762552e+01 2.711160e+02 7.486321e+01
-1.266521e-08 7.168921e+01 2.874077e+02 7.936182e+01
-1.301066e-08 7.208555e+01 2.889966e+02 7.980058e+01
-1.336851e-08 7.965748e+01 3.193531e+02 8.818291e+01
-1.375147e-08 7.406177e+01 2.969195e+02 8.198831e+01
-1.418001e-08 7.240473e+01 2.902763e+02 8.015392e+01
-1.473199e-08 7.553927e+01 3.028429e+02 8.362394e+01
-1.520969e-08 7.325870e+01 2.936999e+02 8.109928e+01
-1.555678e-08 7.477968e+01 2.997976e+02 8.278305e+01
-1.584729e-08 7.061342e+01 2.830947e+02 7.817089e+01
-1.601467e-08 6.165068e+01 2.471624e+02 6.824891e+01
-1.618980e-08 6.913276e+01 2.771586e+02 7.653176e+01
-1.651762e-08 8.118809e+01 3.254894e+02 8.987733e+01
-1.699140e-08 8.708151e+01 3.491166e+02 9.640150e+01
-1.766178e-08 8.182798e+01 3.280548e+02 9.058571e+01
-1.848227e-08 8.238149e+01 3.302738e+02 9.119845e+01
-1.927871e-08 7.595585e+01 3.045130e+02 8.408511e+01
-2.002744e-08 7.063805e+01 2.831935e+02 7.819816e+01
-2.088676e-08 6.776084e+01 2.716585e+02 7.501302e+01
-2.182380e-08 6.157692e+01 2.468667e+02 6.816725e+01
-2.277933e-08 5.686563e+01 2.279788e+02 6.295174e+01
-2.365480e-08 5.090286e+01 2.040736e+02 5.635080e+01
-2.464274e-08 5.113049e+01 2.049861e+02 5.660278e+01
-2.600695e-08 5.123963e+01 2.054237e+02 5.672360e+01
-2.762243e-08 6.178480e+01 2.477001e+02 6.839738e+01
-2.961925e-08 6.432298e+01 2.578759e+02 7.120721e+01
-3.190122e-08 6.080231e+01 2.437612e+02 6.730974e+01
-3.444365e-08 5.334087e+01 2.138477e+02 5.904973e+01
-3.753604e-08 5.527681e+01 2.216091e+02 6.119287e+01
-4.099656e-08 5.422070e+01 2.173750e+02 6.002373e+01
-4.426320e-08 4.797757e+01 1.923459e+02 5.311242e+01
-4.698236e-08 5.087190e+01 2.039494e+02 5.631651e+01
-4.961081e-08 5.032918e+01 2.017736e+02 5.571571e+01
-5.254756e-08 5.464299e+01 2.190680e+02 6.049121e+01
-5.579602e-08 6.400204e+01 2.565892e+02 7.085192e+01
-5.903262e-08 6.444915e+01 2.583817e+02 7.134688e+01
-6.267560e-08 7.193451e+01 2.883911e+02 7.963337e+01
-6.601859e-08 6.673357e+01 2.675401e+02 7.387580e+01
-6.789932e-08 6.810207e+01 2.730265e+02 7.539076e+01
-6.915576e-08 8.082788e+01 3.240453e+02 8.947857e+01
-7.069795e-08 6.690637e+01 2.682329e+02 7.406709e+01
-7.209229e-08 5.922961e+01 2.374561e+02 6.556872e+01
-7.326181e-08 6.144514e+01 2.463384e+02 6.802137e+01
-7.422988e-08 5.985013e+01 2.399439e+02 6.625565e+01
-7.491730e-08 7.136367e+01 2.861026e+02 7.900145e+01
-7.625385e-08 6.621864e+01 2.654757e+02 7.330576e+01
-7.784247e-08 8.187829e+01 3.282565e+02 9.064140e+01
-7.868800e-08 7.934953e+01 3.181185e+02 8.784200e+01
-7.913387e-08 7.751594e+01 3.107675e+02 8.581216e+01
-7.956306e-08 6.978738e+01 2.797831e+02 7.725645e+01
-7.922768e-08 7.684648e+01 3.080836e+02 8.507106e+01
-7.879169e-08 8.394942e+01 3.365598e+02 9.293419e+01
-7.867347e-08 9.028556e+01 3.619619e+02 9.994847e+01
-7.783823e-08 7.640790e+01 3.063253e+02 8.458553e+01
-7.625238e-08 8.248140e+01 3.306744e+02 9.130906e+01
-7.509321e-08 8.784959e+01 3.521959e+02 9.725178e+01
-7.532447e-08 8.211115e+01 3.291900e+02 9.089918e+01
-7.638275e-08 8.071812e+01 3.236053e+02 8.935706e+01
-7.737631e-08 6.706167e+01 2.688555e+02 7.423902e+01
-7.904863e-08 6.405490e+01 2.568011e+02 7.091044e+01
-8.164678e-08 6.775598e+01 2.716391e+02 7.500764e+01
-8.446338e-08 7.451744e+01 2.987462e+02 8.249274e+01
-8.716251e-08 6.885148e+01 2.760310e+02 7.622038e+01
-9.070301e-08 7.012283e+01 2.811279e+02 7.762780e+01
-9.580151e-08 7.894890e+01 3.165123e+02 8.739849e+01
-1.004495e-07 7.567727e+01 3.033961e+02 8.377671e+01
-1.036513e-07 6.581342e+01 2.638512e+02 7.285717e+01
-1.056862e-07 6.010476e+01 2.409647e+02 6.653753e+01
-1.082515e-07 5.368152e+01 2.152134e+02 5.942684e+01
-1.104758e-07 6.224236e+01 2.495345e+02 6.890391e+01
-1.114805e-07 7.590765e+01 3.043197e+02 8.403174e+01
-1.140396e-07 5.695348e+01 2.283310e+02 6.304898e+01
-1.179025e-07 4.376260e+01 1.754477e+02 4.844634e+01
-1.210679e-07 5.088603e+01 2.040061e+02 5.633216e+01
-1.232256e-07 4.569715e+01 1.832034e+02 5.058793e+01
-1.252918e-07 5.844474e+01 2.343095e+02 6.469984e+01
-1.278492e-07 5.233031e+01 2.097963e+02 5.793102e+01
-1.292653e-07 6.447415e+01 2.584819e+02 7.137456e+01
-1.299544e-07 8.543453e+01 3.425137e+02 9.457825e+01
-1.321276e-07 8.201505e+01 3.288048e+02 9.079280e+01
-1.335731e-07 7.445416e+01 2.984926e+02 8.242269e+01
-1.344036e-07 7.042274e+01 2.823303e+02 7.795981e+01
-1.363380e-07 6.781599e+01 2.718796e+02 7.507406e+01
-1.383414e-07 6.971330e+01 2.794861e+02 7.717444e+01
-1.401411e-07 7.277296e+01 2.917525e+02 8.056156e+01
-1.426984e-07 6.961527e+01 2.790931e+02 7.706591e+01
-1.462821e-07 7.924811e+01 3.177119e+02 8.772972e+01
-1.496135e-07 7.009188e+01 2.810039e+02 7.759354e+01
-1.535733e-07 7.740848e+01 3.103367e+02 8.569320e+01
-1.581962e-07 6.308678e+01 2.529199e+02 6.983871e+01
-1.612530e-07 6.806324e+01 2.728709e+02 7.534777e+01
-1.675471e-07 7.229511e+01 2.898368e+02 8.003258e+01
-1.780163e-07 6.411081e+01 2.570253e+02 7.097234e+01
-1.894276e-07 6.709806e+01 2.690014e+02 7.427930e+01
-1.987131e-07 6.631994e+01 2.658818e+02 7.341790e+01
-2.011228e-07 6.351580e+01 2.546398e+02 7.031364e+01
-1.988562e-07 7.171918e+01 2.875278e+02 7.939500e+01
-1.955927e-07 7.646112e+01 3.065387e+02 8.464446e+01
-1.941727e-07 6.312090e+01 2.530566e+02 6.987648e+01
-1.971293e-07 5.449938e+01 2.184923e+02 6.033223e+01
-2.041963e-07 6.043683e+01 2.422960e+02 6.690514e+01
-2.148851e-07 7.232890e+01 2.899722e+02 8.006997e+01
-2.294391e-07 7.850057e+01 3.147150e+02 8.690218e+01
-2.424880e-07 7.593911e+01 3.044458e+02 8.406657e+01
-2.512969e-07 7.761831e+01 3.111779e+02 8.592549e+01
-2.601169e-07 6.565070e+01 2.631988e+02 7.267703e+01
-2.701120e-07 6.035015e+01 2.419485e+02 6.680919e+01
-2.790927e-07 6.044280e+01 2.423199e+02 6.691175e+01
-2.821604e-07 7.096414e+01 2.845008e+02 7.855915e+01
-2.813085e-07 6.985575e+01 2.800572e+02 7.733214e+01
-2.800324e-07 7.889222e+01 3.162851e+02 8.733574e+01
-2.725422e-07 1.014830e+02 4.068532e+02 1.123443e+02
-2.618971e-07 8.788191e+01 3.523255e+02 9.728756e+01
-2.532821e-07 8.291657e+01 3.324190e+02 9.179080e+01
-2.487865e-07 7.668858e+01 3.074505e+02 8.489625e+01
-2.452550e-07 7.286575e+01 2.921245e+02 8.066428e+01
-2.402944e-07 6.870439e+01 2.754413e+02 7.605754e+01
-2.341969e-07 7.646427e+01 3.065513e+02 8.464794e+01
-2.229957e-07 7.865363e+01 3.153286e+02 8.707162e+01
-2.085495e-07 7.453314e+01 2.988092e+02 8.251013e+01
-1.935356e-07 6.665065e+01 2.672077e+02 7.378401e+01
-1.809579e-07 4.666814e+01 1.870962e+02 5.166285e+01
-1.715141e-07 5.329007e+01 2.136441e+02 5.899350e+01
-1.651748e-07 6.336572e+01 2.540381e+02 7.014750e+01
-1.601902e-07 6.331415e+01 2.538314e+02 7.009041e+01
-1.531866e-07 7.162572e+01 2.871531e+02 7.929154e+01
-1.446620e-07 9.068179e+01 3.635504e+02 1.003871e+02
-1.352870e-07 1.015295e+02 4.070399e+02 1.123958e+02
-1.234509e-07 1.109140e+02 4.446629e+02 1.227847e+02
-1.114304e-07 1.012526e+02 4.059297e+02 1.120893e+02
-1.017999e-07 9.004330e+01 3.609906e+02 9.968027e+01
-9.453098e-08 7.425466e+01 2.976927e+02 8.220184e+01
-8.950161e-08 7.137752e+01 2.861581e+02 7.901677e+01
-8.532104e-08 6.829868e+01 2.738148e+02 7.560842e+01
-8.164379e-08 6.460702e+01 2.590146e+02 7.152165e+01
-7.801862e-08 7.145411e+01 2.864651e+02 7.910156e+01
-7.453432e-08 5.281715e+01 2.117481e+02 5.846996e+01
-7.130702e-08 6.288881e+01 2.521262e+02 6.961955e+01
-6.812983e-08 6.012268e+01 2.410366e+02 6.655738e+01
-6.581390e-08 7.182309e+01 2.879444e+02 7.951003e+01
-6.416933e-08 7.220051e+01 2.894575e+02 7.992784e+01
-6.255336e-08 7.682712e+01 3.080060e+02 8.504962e+01
-6.107534e-08 6.962922e+01 2.791490e+02 7.708136e+01
-6.081085e-08 6.365196e+01 2.551857e+02 7.046437e+01
-6.121189e-08 5.576674e+01 2.235732e+02 6.173523e+01
-6.060686e-08 5.532684e+01 2.218096e+02 6.124825e+01
-5.958378e-08 5.519881e+01 2.212964e+02 6.110653e+01
-5.868256e-08 6.663611e+01 2.671494e+02 7.376791e+01
-5.813408e-08 7.961110e+01 3.191672e+02 8.813156e+01
-5.731862e-08 8.826493e+01 3.538610e+02 9.771157e+01
-5.611992e-08 7.534664e+01 3.020706e+02 8.341070e+01
-5.514043e-08 7.517632e+01 3.013878e+02 8.322214e+01
-5.356244e-08 6.884001e+01 2.759850e+02 7.620769e+01
-5.121202e-08 5.883770e+01 2.358850e+02 6.513487e+01
-4.876015e-08 5.990222e+01 2.401527e+02 6.631332e+01
-4.651993e-08 5.577329e+01 2.235995e+02 6.174248e+01
-4.461036e-08 6.134168e+01 2.459236e+02 6.790683e+01
-4.325838e-08 6.940079e+01 2.782332e+02 7.682848e+01
-4.188341e-08 7.143414e+01 2.863851e+02 7.907945e+01
-4.056578e-08 5.997615e+01 2.404491e+02 6.639516e+01
-3.941694e-08 6.267848e+01 2.512829e+02 6.938671e+01
-3.810843e-08 7.371248e+01 2.955191e+02 8.160163e+01
-3.702207e-08 6.660923e+01 2.670416e+02 7.373815e+01
-3.656595e-08 6.712951e+01 2.691275e+02 7.431412e+01
-3.678317e-08 8.126737e+01 3.258073e+02 8.996509e+01
-3.715790e-08 8.260646e+01 3.311758e+02 9.144750e+01
-3.766558e-08 7.659891e+01 3.070911e+02 8.479699e+01
-3.827836e-08 8.123858e+01 3.256919e+02 8.993323e+01
-3.906906e-08 8.058489e+01 3.230712e+02 8.920957e+01
-4.043683e-08 8.367592e+01 3.354633e+02 9.263143e+01
-4.219456e-08 8.228214e+01 3.298756e+02 9.108847e+01
-4.407920e-08 8.308689e+01 3.331018e+02 9.197935e+01
-4.632456e-08 9.079939e+01 3.640219e+02 1.005173e+02
-4.933966e-08 1.005899e+02 4.032727e+02 1.113556e+02
-5.263831e-08 7.901435e+01 3.167747e+02 8.747094e+01
-5.564732e-08 6.348879e+01 2.545316e+02 7.028375e+01
-5.818958e-08 5.483299e+01 2.198298e+02 6.070155e+01
-6.065795e-08 5.848015e+01 2.344515e+02 6.473905e+01
-6.334769e-08 5.840139e+01 2.341357e+02 6.465186e+01
-6.616415e-08 5.277226e+01 2.115681e+02 5.842027e+01
-6.907951e-08 4.503918e+01 1.805656e+02 4.985954e+01
-7.173287e-08 5.536798e+01 2.219746e+02 6.129380e+01
-7.401982e-08 5.980433e+01 2.397602e+02 6.620495e+01
-7.630114e-08 5.439488e+01 2.180733e+02 6.021655e+01
-7.872793e-08 5.180327e+01 2.076834e+02 5.734756e+01
-8.137645e-08 5.406172e+01 2.167377e+02 5.984773e+01
-8.445887e-08 5.419326e+01 2.172650e+02 5.999335e+01
-8.765184e-08 4.582887e+01 1.837315e+02 5.073375e+01
-9.077229e-08 4.589518e+01 1.839974e+02 5.080715e+01
-9.419170e-08 5.543189e+01 2.222308e+02 6.136455e+01
-9.786557e-08 5.025163e+01 2.014627e+02 5.562987e+01
-1.013082e-07 6.377369e+01 2.556737e+02 7.059913e+01
-1.042703e-07 7.611110e+01 3.051354e+02 8.425697e+01
-1.059561e-07 7.725341e+01 3.097150e+02 8.552153e+01
-1.063681e-07 7.680580e+01 3.079205e+02 8.502602e+01
-1.064534e-07 8.384996e+01 3.361611e+02 9.282409e+01
-1.058907e-07 7.438572e+01 2.982182e+02 8.234693e+01
-1.053921e-07 7.102648e+01 2.847507e+02 7.862816e+01
-1.056316e-07 7.216049e+01 2.892971e+02 7.988354e+01
-1.049887e-07 6.537565e+01 2.620961e+02 7.237255e+01
-1.044262e-07 7.364189e+01 2.952361e+02 8.152349e+01
-1.042156e-07 7.236314e+01 2.901095e+02 8.010788e+01
-1.031199e-07 7.763153e+01 3.112309e+02 8.594013e+01
-1.016888e-07 6.435835e+01 2.580177e+02 7.124637e+01
-1.002539e-07 6.062384e+01 2.430457e+02 6.711217e+01
-9.920398e-08 6.882382e+01 2.759201e+02 7.618976e+01
-9.768940e-08 7.143015e+01 2.863691e+02 7.907503e+01
-9.549795e-08 7.552568e+01 3.027884e+02 8.360890e+01
-9.382583e-08 7.760241e+01 3.111141e+02 8.590789e+01
-9.278982e-08 7.071268e+01 2.834927e+02 7.828078e+01
-9.196418e-08 7.213891e+01 2.892106e+02 7.985965e+01
-9.117438e-08 7.554729e+01 3.028750e+02 8.363282e+01
-8.991468e-08 7.301870e+01 2.927377e+02 8.083361e+01
-8.800728e-08 6.379661e+01 2.557656e+02 7.062451e+01
-8.591086e-08 5.208084e+01 2.087962e+02 5.765485e+01
-8.426943e-08 4.849586e+01 1.944237e+02 5.368618e+01
-8.200108e-08 6.008002e+01 2.408655e+02 6.651015e+01
-7.917560e-08 6.592501e+01 2.642986e+02 7.298071e+01
-7.664018e-08 7.001429e+01 2.806928e+02 7.750764e+01
-7.418220e-08 6.499190e+01 2.605576e+02 7.194773e+01
-7.172745e-08 5.989107e+01 2.401080e+02 6.630097e+01
-6.877441e-08 5.580839e+01 2.237402e+02 6.178134e+01
-6.522777e-08 6.241491e+01 2.502263e+02 6.909493e+01
-6.136009e-08 6.413905e+01 2.571385e+02 7.100359e+01
-5.768310e-08 7.238587e+01 2.902006e+02 8.013304e+01
-5.466998e-08 7.917749e+01 3.174288e+02 8.765155e+01
-5.227522e-08 8.632019e+01 3.460644e+02 9.555870e+01
-5.027277e-08 8.037865e+01 3.222443e+02 8.898126e+01
-4.862193e-08 8.146505e+01 3.265998e+02 9.018393e+01
-4.735060e-08 7.183150e+01 2.879781e+02 7.951934e+01
-4.688894e-08 7.261335e+01 2.911126e+02 8.038487e+01
-4.700485e-08 7.541381e+01 3.023399e+02 8.348505e+01
-4.716752e-08 8.171102e+01 3.275859e+02 9.045623e+01
-4.718757e-08 1.020080e+02 4.089582e+02 1.129255e+02
-4.716265e-08 9.766688e+01 3.915542e+02 1.081198e+02
-4.716615e-08 8.668690e+01 3.475346e+02 9.596466e+01
-4.755309e-08 8.065069e+01 3.233350e+02 8.928242e+01
-4.841241e-08 7.991710e+01 3.203939e+02 8.847031e+01
-4.891714e-08 8.413505e+01 3.373040e+02 9.313969e+01
-4.952811e-08 7.275627e+01 2.916856e+02 8.054308e+01
-5.049092e-08 6.595379e+01 2.644139e+02 7.301256e+01
-5.105368e-08 6.422898e+01 2.574990e+02 7.110316e+01
-5.109846e-08 7.342450e+01 2.943646e+02 8.128284e+01
-5.086083e-08 6.994966e+01 2.804337e+02 7.743609e+01
-5.064705e-08 6.324569e+01 2.535569e+02 7.001463e+01
-5.024444e-08 7.405132e+01 2.968775e+02 8.197673e+01
-4.966138e-08 8.093070e+01 3.244575e+02 8.959239e+01
-4.889076e-08 7.685156e+01 3.081039e+02 8.507668e+01
-4.763929e-08 8.458196e+01 3.390957e+02 9.363443e+01
-4.643504e-08 7.171935e+01 2.875285e+02 7.939519e+01
-4.570587e-08 6.254685e+01 2.507552e+02 6.924100e+01
-4.537880e-08 6.595498e+01 2.644187e+02 7.301388e+01
-4.544557e-08 4.564121e+01 1.829792e+02 5.052600e+01
-4.618505e-08 5.430779e+01 2.177242e+02 6.012014e+01
-4.779675e-08 5.546791e+01 2.223752e+02 6.140442e+01
-4.947401e-08 5.824376e+01 2.335038e+02 6.447736e+01
-5.041889e-08 6.515772e+01 2.612224e+02 7.213130e+01
-5.103687e-08 7.048477e+01 2.825790e+02 7.802848e+01
-5.169496e-08 7.694405e+01 3.084747e+02 8.517907e+01
-5.207511e-08 7.347709e+01 2.945754e+02 8.134105e+01
-5.256655e-08 9.270274e+01 3.716526e+02 1.026244e+02
-5.342731e-08 9.584896e+01 3.842660e+02 1.061073e+02
-5.443694e-08 8.869915e+01 3.556018e+02 9.819226e+01
-5.551870e-08 9.230414e+01 3.700545e+02 1.021831e+02
-5.661898e-08 8.921134e+01 3.576553e+02 9.875928e+01
-5.809321e-08 8.521262e+01 3.416241e+02 9.433259e+01
-5.989042e-08 1.044163e+02 4.186133e+02 1.155916e+02
-6.038426e-08 9.223118e+01 3.697621e+02 1.021023e+02
-5.992068e-08 8.442589e+01 3.384700e+02 9.346166e+01
-6.000471e-08 1.066964e+02 4.277543e+02 1.181157e+02
-5.997460e-08 1.102702e+02 4.420819e+02 1.220720e+02
-5.914296e-08 1.063598e+02 4.264047e+02 1.177431e+02
-5.801752e-08 1.077639e+02 4.320338e+02 1.192974e+02
-5.719544e-08 1.073558e+02 4.303978e+02 1.188457e+02
-5.648324e-08 1.050389e+02 4.211091e+02 1.162808e+02
-5.554491e-08 8.560310e+01 3.431895e+02 9.476486e+01
-5.480495e-08 8.698484e+01 3.487291e+02 9.629449e+01
-5.445032e-08 7.463492e+01 2.992173e+02 8.262280e+01
-5.417305e-08 8.851935e+01 3.548810e+02 9.799323e+01
-5.433091e-08 9.968500e+01 3.996450e+02 1.103539e+02
-5.515735e-08 9.282322e+01 3.721356e+02 1.027577e+02
-5.606725e-08 8.802231e+01 3.528883e+02 9.744299e+01
-5.637845e-08 8.749443e+01 3.507720e+02 9.685861e+01
-5.659529e-08 7.998262e+01 3.206566e+02 8.854284e+01
-5.701953e-08 8.941406e+01 3.584680e+02 9.898369e+01
-5.707804e-08 9.180961e+01 3.680719e+02 1.016356e+02
-5.719525e-08 8.685992e+01 3.482283e+02 9.615620e+01
-5.805216e-08 9.300705e+01 3.728726e+02 1.029612e+02
-5.846098e-08 9.030675e+01 3.620469e+02 9.997193e+01
-5.823961e-08 8.862313e+01 3.552971e+02 9.810811e+01
-5.785116e-08 9.132144e+01 3.661148e+02 1.010952e+02
-5.790769e-08 8.442246e+01 3.384563e+02 9.345786e+01
-5.842155e-08 9.092745e+01 3.645353e+02 1.006591e+02
-5.919155e-08 9.411649e+01 3.773204e+02 1.041894e+02
-6.085361e-08 8.860070e+01 3.552072e+02 9.808329e+01
-6.311232e-08 9.146541e+01 3.666920e+02 1.012546e+02
-6.534082e-08 7.960296e+01 3.191345e+02 8.812255e+01
-6.799837e-08 8.579349e+01 3.439528e+02 9.497563e+01
-7.220131e-08 9.315908e+01 3.734821e+02 1.031295e+02
-7.683427e-08 7.585720e+01 3.041175e+02 8.397589e+01
-8.098103e-08 8.113361e+01 3.252710e+02 8.981702e+01
-8.533153e-08 6.949782e+01 2.786222e+02 7.693589e+01
-8.898610e-08 7.099447e+01 2.846224e+02 7.859273e+01
-9.189648e-08 7.570936e+01 3.035248e+02 8.381223e+01
-9.461534e-08 6.152430e+01 2.466557e+02 6.810900e+01
-9.537456e-08 6.138544e+01 2.460990e+02 6.795528e+01
-9.443182e-08 5.663250e+01 2.270441e+02 6.269365e+01
-9.374814e-08 6.760108e+01 2.710181e+02 7.483616e+01
-9.406097e-08 5.934691e+01 2.379264e+02 6.569858e+01
-9.504698e-08 5.835627e+01 2.339548e+02 6.460191e+01
-9.569370e-08 7.026200e+01 2.816859e+02 7.778187e+01
-9.568400e-08 6.028281e+01 2.416785e+02 6.673465e+01
-9.613341e-08 7.126696e+01 2.857149e+02 7.889439e+01
-9.821155e-08 7.571361e+01 3.035418e+02 8.381694e+01
-1.020812e-07 7.159006e+01 2.870102e+02 7.925206e+01
-1.060592e-07 6.801246e+01 2.726673e+02 7.529156e+01
-1.085568e-07 7.675677e+01 3.077239e+02 8.497175e+01
-1.106201e-07 8.370980e+01 3.355992e+02 9.266893e+01
-1.118758e-07 6.214203e+01 2.491323e+02 6.879285e+01
-1.117944e-07 7.528167e+01 3.018101e+02 8.333877e+01
-1.113838e-07 6.961120e+01 2.790768e+02 7.706142e+01
-1.109860e-07 7.150598e+01 2.866731e+02 7.915898e+01
-1.106653e-07 7.727359e+01 3.097959e+02 8.554388e+01
-1.090455e-07 7.623918e+01 3.056489e+02 8.439876e+01
-1.061847e-07 6.227891e+01 2.496810e+02 6.894437e+01
-1.047253e-07 5.925065e+01 2.375405e+02 6.559201e+01
-1.040586e-07 5.201539e+01 2.085338e+02 5.758239e+01
-1.017163e-07 5.450242e+01 2.185045e+02 6.033559e+01
-9.893964e-08 6.546540e+01 2.624559e+02 7.247191e+01
-9.707198e-08 6.372352e+01 2.554726e+02 7.054360e+01
-9.486214e-08 6.965087e+01 2.792358e+02 7.710533e+01
-9.148743e-08 7.274968e+01 2.916592e+02 8.053579e+01
-8.972346e-08 8.539759e+01 3.423656e+02 9.453736e+01
-8.953474e-08 8.534130e+01 3.421400e+02 9.447504e+01
-8.794906e-08 8.459064e+01 3.391305e+02 9.364404e+01
-8.467750e-08 6.750999e+01 2.706529e+02 7.473532e+01
-8.030316e-08 8.777162e+01 3.518833e+02 9.716546e+01
-7.566938e-08 9.906231e+01 3.971486e+02 1.096646e+02
-7.149190e-08 9.681431e+01 3.881362e+02 1.071760e+02
-6.699095e-08 1.064379e+02 4.267178e+02 1.178295e+02
-6.231309e-08 1.061375e+02 4.255138e+02 1.174970e+02
-5.856335e-08 8.312780e+01 3.332659e+02 9.202464e+01
-5.593650e-08 7.972713e+01 3.196323e+02 8.826001e+01
-5.417780e-08 7.566437e+01 3.033444e+02 8.376243e+01
-5.295276e-08 7.441468e+01 2.983343e+02 8.237899e+01
-5.176388e-08 7.327142e+01 2.937509e+02 8.111337e+01
-5.044337e-08 6.756054e+01 2.708555e+02 7.479127e+01
-4.902562e-08 7.295289e+01 2.924738e+02 8.076074e+01
-4.757216e-08 7.026682e+01 2.817052e+02 7.778720e+01
-4.665317e-08 5.520633e+01 2.213265e+02 6.111485e+01
-4.626184e-08 5.411869e+01 2.169661e+02 5.991080e+01
-4.576045e-08 4.996249e+01 2.003036e+02 5.530978e+01
-4.489234e-08 5.296444e+01 2.123386e+02 5.863301e+01
-4.409056e-08 5.444771e+01 2.182852e+02 6.027504e+01
-4.316574e-08 5.338140e+01 2.140102e+02 5.909460e+01
-4.174447e-08 4.827327e+01 1.935313e+02 5.343977e+01
-4.019710e-08 5.238612e+01 2.100201e+02 5.799280e+01
-3.872084e-08 6.608468e+01 2.649387e+02 7.315746e+01
-3.754443e-08 6.186323e+01 2.480146e+02 6.848421e+01
-3.687425e-08 4.987230e+01 1.999419e+02 5.520993e+01
-3.622687e-08 5.131076e+01 2.057089e+02 5.680235e+01
-3.550996e-08 3.857973e+01 1.546692e+02 4.270876e+01
-3.509383e-08 6.204916e+01 2.487600e+02 6.869004e+01
-3.466667e-08 5.464670e+01 2.190829e+02 6.049532e+01
-3.406127e-08 5.726194e+01 2.295676e+02 6.339045e+01
-3.346474e-08 6.244020e+01 2.503276e+02 6.912292e+01
-3.272400e-08 7.043320e+01 2.823722e+02 7.797139e+01
-3.193562e-08 6.465510e+01 2.592074e+02 7.157487e+01
-3.167802e-08 6.333931e+01 2.539323e+02 7.011827e+01
-3.207085e-08 7.335771e+01 2.940968e+02 8.120890e+01
-3.230816e-08 8.520288e+01 3.415850e+02 9.432181e+01
-3.194984e-08 7.811436e+01 3.131666e+02 8.647463e+01
-3.161638e-08 7.842540e+01 3.144136e+02 8.681897e+01
-3.140769e-08 7.508609e+01 3.010260e+02 8.312225e+01
-3.102168e-08 6.852174e+01 2.747090e+02 7.585535e+01
-3.054000e-08 7.423904e+01 2.976302e+02 8.218456e+01
-3.014456e-08 8.564864e+01 3.433721e+02 9.481527e+01
-3.028044e-08 8.180419e+01 3.279594e+02 9.055937e+01
-3.075388e-08 8.117232e+01 3.254262e+02 8.985987e+01
-3.105435e-08 8.634572e+01 3.461668e+02 9.558696e+01
-3.139000e-08 8.651212e+01 3.468339e+02 9.577117e+01
-3.192544e-08 8.713195e+01 3.493188e+02 9.645733e+01
-3.265420e-08 8.309675e+01 3.331414e+02 9.199027e+01
-3.331784e-08 6.972560e+01 2.795354e+02 7.718806e+01
-3.369513e-08 7.587347e+01 3.041827e+02 8.399391e+01
-3.396049e-08 7.380392e+01 2.958857e+02 8.170286e+01
-3.399975e-08 6.440193e+01 2.581924e+02 7.129462e+01
-3.366989e-08 8.120946e+01 3.255751e+02 8.990099e+01
-3.321976e-08 7.124416e+01 2.856234e+02 7.886914e+01
-3.253659e-08 7.411752e+01 2.971430e+02 8.205003e+01
-3.164205e-08 6.598462e+01 2.645375e+02 7.304669e+01
-3.087853e-08 6.631193e+01 2.658497e+02 7.340903e+01
-3.038562e-08 5.709702e+01 2.289064e+02 6.320789e+01
-2.999138e-08 5.609000e+01 2.248692e+02 6.209309e+01
-2.963037e-08 5.349673e+01 2.144726e+02 5.922227e+01
-2.920554e-08 5.420804e+01 2.173243e+02 6.000971e+01
-2.891609e-08 5.735963e+01 2.299593e+02 6.349861e+01
-2.864815e-08 6.410428e+01 2.569991e+02 7.096511e+01
-2.827756e-08 5.847313e+01 2.344234e+02 6.473128e+01
-2.822255e-08 5.958974e+01 2.388999e+02 6.596739e+01
-2.855359e-08 8.309828e+01 3.331475e+02 9.199196e+01
-2.897380e-08 8.903976e+01 3.569674e+02 9.856933e+01
-2.920943e-08 8.798482e+01 3.527380e+02 9.740149e+01
-2.900313e-08 7.271913e+01 2.915367e+02 8.050197e+01
-2.840981e-08 7.626175e+01 3.057394e+02 8.442375e+01
-2.779120e-08 8.463395e+01 3.393041e+02 9.369199e+01
-2.706277e-08 8.237382e+01 3.302431e+02 9.118997e+01
-2.641209e-08 7.117993e+01 2.853659e+02 7.879803e+01
-2.595979e-08 7.518974e+01 3.014416e+02 8.323700e+01
-2.550693e-08 7.012827e+01 2.811497e+02 7.763382e+01
-2.486583e-08 6.906852e+01 2.769011e+02 7.646065e+01
-2.427493e-08 5.718541e+01 2.292608e+02 6.330574e+01
-2.393249e-08 5.309653e+01 2.128682e+02 5.877924e+01
-2.371793e-08 5.137534e+01 2.059678e+02 5.687384e+01
-2.372691e-08 5.344237e+01 2.142547e+02 5.916210e+01
-2.387506e-08 6.218509e+01 2.493049e+02 6.884051e+01
-2.387710e-08 6.445424e+01 2.584021e+02 7.135252e+01
-2.382584e-08 6.915089e+01 2.772313e+02 7.655183e+01
-2.384533e-08 7.397729e+01 2.965808e+02 8.189478e+01
-2.390574e-08 7.089654e+01 2.842298e+02 7.848431e+01
-2.398171e-08 6.192615e+01 2.482668e+02 6.855387e+01
-2.425374e-08 6.837932e+01 2.741380e+02 7.569768e+01
-2.463003e-08 7.996473e+01 3.205849e+02 8.852304e+01
-2.491898e-08 6.654883e+01 2.667995e+02 7.367128e+01
-2.510010e-08 6.783618e+01 2.719606e+02 7.509641e+01
-2.523323e-08 5.857372e+01 2.348266e+02 6.484263e+01
-2.556045e-08 5.050071e+01 2.024613e+02 5.590560e+01
-2.606417e-08 4.756934e+01 1.907092e+02 5.266050e+01
-2.649458e-08 4.760828e+01 1.908653e+02 5.270360e+01
-2.695241e-08 5.601310e+01 2.245609e+02 6.200796e+01
-2.754211e-08 6.660048e+01 2.670066e+02 7.372847e+01
-2.825890e-08 5.903572e+01 2.366788e+02 6.535408e+01
-2.925897e-08 5.831900e+01 2.338055e+02 6.456066e+01
-3.074663e-08 6.523029e+01 2.615134e+02 7.221163e+01
-3.238257e-08 6.842446e+01 2.743190e+02 7.574766e+01
-3.393531e-08 6.604334e+01 2.647729e+02 7.311170e+01
-3.583403e-08 7.301191e+01 2.927105e+02 8.082609e+01
-3.796967e-08 7.709815e+01 3.090925e+02 8.534966e+01
-4.020938e-08 8.809136e+01 3.531652e+02 9.751943e+01
-4.194250e-08 9.759425e+01 3.912630e+02 1.080394e+02
-4.250119e-08 8.067470e+01 3.234312e+02 8.930900e+01
-4.255523e-08 8.974858e+01 3.598091e+02 9.935402e+01
-4.258552e-08 7.698898e+01 3.086549e+02 8.522881e+01
-4.241869e-08 8.220143e+01 3.295520e+02 9.099912e+01
-4.225542e-08 7.277223e+01 2.917496e+02 8.056075e+01
-4.253300e-08 7.264282e+01 2.912308e+02 8.041749e+01
-4.300065e-08 7.149954e+01 2.866473e+02 7.915185e+01
-4.317471e-08 8.034492e+01 3.221091e+02 8.894392e+01
-4.306276e-08 7.856213e+01 3.149617e+02 8.697032e+01
-4.297077e-08 6.805418e+01 2.728345e+02 7.533775e+01
-4.295474e-08 7.393042e+01 2.963929e+02 8.184290e+01
-4.262319e-08 6.706887e+01 2.688844e+02 7.424699e+01
-4.149657e-08 6.146823e+01 2.464310e+02 6.804693e+01
-3.950980e-08 6.304536e+01 2.527538e+02 6.979285e+01
-3.758058e-08 7.461081e+01 2.991206e+02 8.259611e+01
-3.613670e-08 7.044724e+01 2.824285e+02 7.798692e+01
-3.518099e-08 7.055334e+01 2.828539e+02 7.810439e+01
-3.443635e-08 6.303444e+01 2.527100e+02 6.978077e+01
-3.354133e-08 6.068904e+01 2.433071e+02 6.718435e+01
-3.277863e-08 5.838349e+01 2.340640e+02 6.463204e+01
-3.212048e-08 4.754733e+01 1.906210e+02 5.263613e+01
-3.151639e-08 3.599277e+01 1.442979e+02 3.984494e+01
-3.125795e-08 3.420992e+01 1.371502e+02 3.787127e+01
-3.109369e-08 4.858378e+01 1.947762e+02 5.378351e+01
-3.055841e-08 5.755041e+01 2.307241e+02 6.370980e+01
-2.982930e-08 5.463442e+01 2.190337e+02 6.048172e+01
-2.903765e-08 6.038042e+01 2.420699e+02 6.684270e+01
-2.833601e-08 7.604232e+01 3.048596e+02 8.418083e+01
-2.781223e-08 6.691872e+01 2.682824e+02 7.408076e+01
-2.771350e-08 6.609348e+01 2.649739e+02 7.316720e+01
-2.816617e-08 6.592520e+01 2.642993e+02 7.298092e+01
-2.870297e-08 6.020625e+01 2.413716e+02 6.664989e+01
-2.911074e-08 6.411125e+01 2.570271e+02 7.097283e+01
-2.943741e-08 6.968224e+01 2.793616e+02 7.714005e+01
-2.971860e-08 7.064072e+01 2.832042e+02 7.820111e+01
-2.977321e-08 6.763846e+01 2.711679e+02 7.487754e+01
-2.968297e-08 7.725473e+01 3.097203e+02 8.552300e+01
-2.937525e-08 7.559078e+01 3.030494e+02 8.368097e+01
-2.883184e-08 6.617668e+01 2.653075e+02 7.325931e+01
-2.821168e-08 5.278836e+01 2.116327e+02 5.843809e+01
-2.749850e-08 5.481916e+01 2.197743e+02 6.068624e+01
-2.689975e-08 6.372984e+01 2.554979e+02 7.055060e+01
-2.652223e-08 5.664772e+01 2.271052e+02 6.271050e+01
-2.619970e-08 6.216045e+01 2.492061e+02 6.881323e+01
-2.595038e-08 6.006744e+01 2.408151e+02 6.649622e+01
-2.581704e-08 7.733474e+01 3.100411e+02 8.561157e+01
-2.584114e-08 6.779520e+01 2.717963e+02 7.505105e+01
-2.617425e-08 7.442955e+01 2.983939e+02 8.239545e+01
-2.653174e-08 8.146288e+01 3.265911e+02 9.018153e+01
-2.665359e-08 7.789096e+01 3.122710e+02 8.622732e+01
-2.655465e-08 7.284528e+01 2.920425e+02 8.064163e+01
-2.634079e-08 6.746720e+01 2.704813e+02 7.468795e+01
-2.616029e-08 6.988113e+01 2.801589e+02 7.736023e+01
-2.593773e-08 6.459781e+01 2.589777e+02 7.151146e+01
-2.582357e-08 6.172443e+01 2.474581e+02 6.833055e+01
-2.590069e-08 6.311367e+01 2.530276e+02 6.986847e+01
-2.591672e-08 6.296071e+01 2.524144e+02 6.969915e+01
-2.581088e-08 7.432243e+01 2.979645e+02 8.227686e+01
-2.576579e-08 7.380626e+01 2.958951e+02 8.170546e+01
-2.556912e-08 6.706180e+01 2.688560e+02 7.423916e+01
-2.516836e-08 6.385903e+01 2.560159e+02 7.069361e+01
-2.495812e-08 6.555319e+01 2.628079e+02 7.256909e+01
-2.503985e-08 6.631611e+01 2.658665e+02 7.341366e+01
-2.510178e-08 6.484672e+01 2.599756e+02 7.178701e+01
-2.501923e-08 7.819040e+01 3.134714e+02 8.655881e+01
-2.487737e-08 7.391739e+01 2.963406e+02 8.182848e+01
-2.449202e-08 6.202589e+01 2.486667e+02 6.866428e+01
-2.401677e-08 5.728034e+01 2.296414e+02 6.341082e+01
-2.395279e-08 6.232908e+01 2.498822e+02 6.899992e+01
-2.434257e-08 6.630773e+01 2.658329e+02 7.340438e+01
-2.466657e-08 7.377653e+01 2.957759e+02 8.167254e+01
-2.483156e-08 7.221860e+01 2.895300e+02 7.994787e+01
-2.505619e-08 6.109101e+01 2.449187e+02 6.762934e+01
-2.546847e-08 6.672031e+01 2.674870e+02 7.386112e+01
-2.607152e-08 6.674391e+01 2.675816e+02 7.388725e+01
-2.683898e-08 7.458945e+01 2.990350e+02 8.257246e+01
-2.807202e-08 6.686386e+01 2.680625e+02 7.402003e+01
-2.961837e-08 6.518736e+01 2.613413e+02 7.216411e+01
-3.096003e-08 8.326383e+01 3.338112e+02 9.217523e+01
-3.256889e-08 8.934905e+01 3.582073e+02 9.891172e+01
-3.455849e-08 9.186219e+01 3.682827e+02 1.016938e+02
-3.661401e-08 9.816579e+01 3.935544e+02 1.086721e+02
-3.878418e-08 1.073255e+02 4.302766e+02 1.188122e+02
-4.083770e-08 1.046840e+02 4.196862e+02 1.158879e+02
-4.275353e-08 1.013273e+02 4.062292e+02 1.121720e+02
-4.429316e-08 8.437759e+01 3.382764e+02 9.340819e+01
-4.524805e-08 9.889987e+01 3.964973e+02 1.094847e+02
-4.564723e-08 9.505673e+01 3.810899e+02 1.052303e+02
-4.573337e-08 9.052022e+01 3.629027e+02 1.002082e+02
-4.528665e-08 7.462880e+01 2.991927e+02 8.261602e+01
-4.428540e-08 8.469576e+01 3.395520e+02 9.376042e+01
-4.362041e-08 7.934520e+01 3.181011e+02 8.783720e+01
-4.365028e-08 7.354504e+01 2.948478e+02 8.141628e+01
-4.406192e-08 7.941759e+01 3.183914e+02 8.791735e+01
-4.469671e-08 6.111265e+01 2.450054e+02 6.765330e+01
-4.525397e-08 6.295778e+01 2.524027e+02 6.969590e+01
-4.565065e-08 5.658025e+01 2.268347e+02 6.263581e+01
-4.577054e-08 4.225286e+01 1.693951e+02 4.677502e+01
-4.592323e-08 5.623662e+01 2.254570e+02 6.225540e+01
-4.690205e-08 6.570541e+01 2.634182e+02 7.273760e+01
-4.816997e-08 5.774120e+01 2.314890e+02 6.392101e+01
-5.011558e-08 5.420790e+01 2.173237e+02 6.000956e+01
-5.318583e-08 5.535113e+01 2.219070e+02 6.127514e+01
-5.608044e-08 5.956758e+01 2.388111e+02 6.594286e+01
-5.770781e-08 5.402861e+01 2.166049e+02 5.981108e+01
-5.803853e-08 7.006939e+01 2.809137e+02 7.756864e+01
-5.735223e-08 7.510397e+01 3.010977e+02 8.314205e+01
-5.625973e-08 8.464645e+01 3.393543e+02 9.370583e+01
-5.540978e-08 8.647827e+01 3.466982e+02 9.573370e+01
-5.467395e-08 9.343674e+01 3.745952e+02 1.034369e+02
-5.389018e-08 6.706063e+01 2.688513e+02 7.423787e+01
-5.314322e-08 6.459198e+01 2.589543e+02 7.150500e+01
-5.245686e-08 5.529351e+01 2.216760e+02 6.121136e+01
-5.194123e-08 6.148638e+01 2.465037e+02 6.806703e+01
-5.188936e-08 5.696386e+01 2.283726e+02 6.306048e+01
-5.249509e-08 6.310488e+01 2.529924e+02 6.985874e+01
-5.329660e-08 6.406706e+01 2.568499e+02 7.092391e+01
-5.373667e-08 6.418397e+01 2.573186e+02 7.105333e+01
-5.372821e-08 7.085909e+01 2.840796e+02 7.844285e+01
-5.354665e-08 6.658414e+01 2.669411e+02 7.371038e+01
-5.382423e-08 7.672060e+01 3.075789e+02 8.493171e+01
-5.470878e-08 7.570154e+01 3.034934e+02 8.380358e+01
-5.611955e-08 7.656754e+01 3.069653e+02 8.476226e+01
-5.772349e-08 7.648666e+01 3.066410e+02 8.467273e+01
-5.869613e-08 6.495531e+01 2.604110e+02 7.190723e+01
-5.960232e-08 6.729169e+01 2.697777e+02 7.449365e+01
-6.160011e-08 7.056809e+01 2.829130e+02 7.812071e+01
-6.427576e-08 8.148183e+01 3.266671e+02 9.020251e+01
-6.689305e-08 7.662083e+01 3.071789e+02 8.482125e+01
-6.909393e-08 6.760195e+01 2.710215e+02 7.483711e+01
-7.188271e-08 6.982284e+01 2.799252e+02 7.729570e+01
-7.531924e-08 6.988457e+01 2.801727e+02 7.736404e+01
-7.900466e-08 6.947357e+01 2.785250e+02 7.690905e+01
-8.311416e-08 7.234669e+01 2.900436e+02 8.008967e+01
-8.643497e-08 6.438075e+01 2.581075e+02 7.127117e+01
-8.924490e-08 7.230462e+01 2.898749e+02 8.004310e+01
-9.237837e-08 7.798197e+01 3.126358e+02 8.632807e+01
-9.487126e-08 6.775153e+01 2.716212e+02 7.500271e+01
-9.587422e-08 6.956699e+01 2.788995e+02 7.701247e+01
-9.660603e-08 7.477035e+01 2.997602e+02 8.277272e+01
-9.748232e-08 7.013279e+01 2.811679e+02 7.763882e+01
-9.877516e-08 8.380259e+01 3.359712e+02 9.277165e+01
-1.007073e-07 8.855608e+01 3.550283e+02 9.803389e+01
-1.027972e-07 9.663969e+01 3.874361e+02 1.069827e+02
-1.047169e-07 1.027666e+02 4.119993e+02 1.137653e+02
-1.065829e-07 1.133578e+02 4.544604e+02 1.254900e+02
-1.079743e-07 1.043098e+02 4.181863e+02 1.154737e+02
-1.074669e-07 1.196501e+02 4.796865e+02 1.324557e+02
-1.063795e-07 1.061351e+02 4.255041e+02 1.174944e+02
-1.051420e-07 9.883037e+01 3.962187e+02 1.094078e+02
-1.023393e-07 9.157404e+01 3.671275e+02 1.013748e+02
-9.839429e-08 8.509964e+01 3.411711e+02 9.420752e+01
-9.498966e-08 8.358508e+01 3.350992e+02 9.253087e+01
-9.286710e-08 6.822960e+01 2.735378e+02 7.553194e+01
-9.043298e-08 9.087882e+01 3.643403e+02 1.006052e+02
-8.725805e-08 9.224173e+01 3.698043e+02 1.021140e+02
-8.428153e-08 9.136358e+01 3.662838e+02 1.011419e+02
-8.165611e-08 8.209160e+01 3.291116e+02 9.087753e+01
-8.007530e-08 7.623853e+01 3.056462e+02 8.439803e+01
-7.935567e-08 8.742804e+01 3.505059e+02 9.678512e+01
-7.923904e-08 8.666895e+01 3.474626e+02 9.594479e+01
-7.995212e-08 9.573991e+01 3.838288e+02 1.059866e+02
-8.019969e-08 9.399048e+01 3.768152e+02 1.040499e+02
-8.068183e-08 7.294522e+01 2.924431e+02 8.075226e+01
-8.128612e-08 7.967254e+01 3.194135e+02 8.819958e+01
-8.188041e-08 7.484595e+01 3.000633e+02 8.285642e+01
-8.315096e-08 8.187916e+01 3.282600e+02 9.064236e+01
-8.422720e-08 6.769469e+01 2.713933e+02 7.493979e+01
-8.572375e-08 6.139068e+01 2.461201e+02 6.796109e+01
-8.777427e-08 5.529122e+01 2.216668e+02 6.120882e+01
-9.056921e-08 5.577610e+01 2.236108e+02 6.174560e+01
-9.430549e-08 5.818547e+01 2.332701e+02 6.441283e+01
-9.901177e-08 6.597303e+01 2.644911e+02 7.303386e+01
-1.054088e-07 7.786321e+01 3.121597e+02 8.619660e+01
-1.138015e-07 9.775234e+01 3.918968e+02 1.082144e+02
-1.241698e-07 9.343806e+01 3.746005e+02 1.034384e+02
-1.363522e-07 7.745137e+01 3.105086e+02 8.574068e+01
