#E_pot  E_kin  T  P
-6.484197e-05 7.146405e+02 2.865050e+02 7.911257e+02
-6.334645e-05 7.528801e+02 3.018355e+02 8.334579e+02
-6.180150e-05 7.288638e+02 2.922072e+02 8.068712e+02
-6.017304e-05 7.328886e+02 2.938208e+02 8.113267e+02
-5.838304e-05 7.366090e+02 2.953123e+02 8.154454e+02
-5.666280e-05 7.306627e+02 2.929284e+02 8.088626e+02
-5.579579e-05 7.507359e+02 3.009759e+02 8.310842e+02
-5.613993e-05 7.623319e+02 3.056249e+02 8.439213e+02
-5.642679e-05 7.460104e+02 2.990814e+02 8.258529e+02
-5.611748e-05 7.462227e+02 2.991665e+02 8.260880e+02
-5.522567e-05 7.695910e+02 3.085351e+02 8.519572e+02
-5.340858e-05 7.385211e+02 2.960789e+02 8.175621e+02
-5.102980e-05 7.202051e+02 2.887359e+02 7.972859e+02
-4.863337e-05 7.225981e+02 2.896952e+02 7.999349e+02
-4.692600e-05 7.195627e+02 2.884783e+02 7.965746e+02
-4.621187e-05 7.120612e+02 2.854709e+02 7.882703e+02
-4.593558e-05 7.236696e+02 2.901248e+02 8.011211e+02
-4.555286e-05 7.014495e+02 2.812166e+02 7.765229e+02
-4.550160e-05 6.950462e+02 2.786495e+02 7.694342e+02
-4.563269e-05 7.107655e+02 2.849515e+02 7.868359e+02
-4.592602e-05 7.404606e+02 2.968565e+02 8.197091e+02
-4.694395e-05 7.484424e+02 3.000564e+02 8.285452e+02
-4.823624e-05 7.313195e+02 2.931917e+02 8.095897e+02
-4.883108e-05 7.494836e+02 3.004739e+02 8.296979e+02
-4.813778e-05 7.707289e+02 3.089913e+02 8.532170e+02
-4.651325e-05 7.755040e+02 3.109056e+02 8.585031e+02
-4.486281e-05 7.210834e+02 2.890880e+02 7.982582e+02
-4.342813e-05 7.115210e+02 2.852544e+02 7.876723e+02
-4.225504e-05 7.011217e+02 2.810852e+02 7.761600e+02
-4.138667e-05 6.887187e+02 2.761127e+02 7.624296e+02
-4.029892e-05 6.988903e+02 2.801906e+02 7.736898e+02
-3.934770e-05 6.950718e+02 2.786598e+02 7.694626e+02
-3.909008e-05 7.099127e+02 2.846096e+02 7.858919e+02
-3.998740e-05 7.343289e+02 2.943982e+02 8.129213e+02
-4.251507e-05 7.480171e+02 2.998859e+02 8.280744e+02
-4.585029e-05 7.763888e+02 3.112604e+02 8.594827e+02
-4.833071e-05 8.074537e+02 3.237145e+02 8.938722e+02
-4.932453e-05 7.595338e+02 3.045031e+02 8.408237e+02
-4.971756e-05 7.480532e+02 2.999004e+02 8.281144e+02
-4.963945e-05 7.345523e+02 2.944878e+02 8.131685e+02
-4.896115e-05 8.016308e+02 3.213801e+02 8.874262e+02
-4.858369e-05 8.231284e+02 3.299986e+02 9.112246e+02
-4.822642e-05 8.211430e+02 3.292027e+02 9.090267e+02
-4.776978e-05 7.896250e+02 3.165669e+02 8.741355e+02
-4.808516e-05 8.185955e+02 3.281814e+02 9.062065e+02
-4.956656e-05 8.197432e+02 3.286415e+02 9.074771e+02
-5.149032e-05 7.631276e+02 3.059439e+02 8.448021e+02
-5.346364e-05 7.533347e+02 3.020178e+02 8.339611e+02
-5.578751e-05 7.645635e+02 3.065195e+02 8.463918e+02
-5.854796e-05 7.816682e+02 3.133769e+02 8.653270e+02
-6.277734e-05 7.417664e+02 2.973800e+02 8.211548e+02
-6.975853e-05 7.606299e+02 3.049425e+02 8.420371e+02
-7.856293e-05 7.592711e+02 3.043977e+02 8.405329e+02
-8.913835e-05 7.673522e+02 3.076375e+02 8.494788e+02
-1.003489e-04 7.637901e+02 3.062095e+02 8.455356e+02
-1.111084e-04 7.354633e+02 2.948530e+02 8.141770e+02
-1.223721e-04 7.267272e+02 2.913506e+02 8.045059e+02
-1.282541e-04 7.062157e+02 2.831274e+02 7.817992e+02
-1.260522e-04 7.655804e+02 3.069272e+02 8.475174e+02
-1.202105e-04 7.534582e+02 3.020673e+02 8.340979e+02
-1.131604e-04 7.647651e+02 3.066003e+02 8.466148e+02
-1.043723e-04 7.428263e+02 2.978049e+02 8.223281e+02
-9.583374e-05 7.295089e+02 2.924659e+02 8.075854e+02
-9.029469e-05 7.439651e+02 2.982614e+02 8.235887e+02
-8.739020e-05 7.380261e+02 2.958805e+02 8.170141e+02
-8.529662e-05 7.921182e+02 3.175664e+02 8.768955e+02
-8.421758e-05 8.227970e+02 3.298658e+02 9.108577e+02
-8.413484e-05 8.636880e+02 3.462593e+02 9.561251e+02
-8.270501e-05 8.519747e+02 3.415633e+02 9.431582e+02
-7.974278e-05 8.398165e+02 3.366890e+02 9.296987e+02
-7.771882e-05 8.079063e+02 3.238960e+02 8.943733e+02
-7.571678e-05 7.835504e+02 3.141315e+02 8.674106e+02
-7.319340e-05 7.993073e+02 3.204486e+02 8.848540e+02
-7.161889e-05 7.833606e+02 3.140554e+02 8.672005e+02
-7.067435e-05 7.516650e+02 3.013484e+02 8.321127e+02
-7.017693e-05 7.797355e+02 3.126021e+02 8.631875e+02
-7.067294e-05 7.740020e+02 3.103035e+02 8.568404e+02
-7.111930e-05 8.075144e+02 3.237389e+02 8.939395e+02
-7.076152e-05 7.739612e+02 3.102871e+02 8.567952e+02
-7.054042e-05 7.825270e+02 3.137212e+02 8.662778e+02
-7.010214e-05 7.784798e+02 3.120987e+02 8.617974e+02
-6.957515e-05 7.798759e+02 3.126584e+02 8.633429e+02
-6.952889e-05 7.879112e+02 3.158798e+02 8.722382e+02
-6.905868e-05 7.898194e+02 3.166448e+02 8.743507e+02
-6.759575e-05 7.704480e+02 3.088786e+02 8.529060e+02
-6.582279e-05 8.014887e+02 3.213231e+02 8.872689e+02
-6.399528e-05 7.898633e+02 3.166624e+02 8.743993e+02
-6.299069e-05 7.774565e+02 3.116884e+02 8.606646e+02
-6.316486e-05 8.135642e+02 3.261643e+02 9.006368e+02
-6.426504e-05 8.466747e+02 3.394385e+02 9.372909e+02
-6.649497e-05 8.487415e+02 3.402671e+02 9.395790e+02
-7.008262e-05 8.419024e+02 3.375253e+02 9.320078e+02
-7.451311e-05 8.060721e+02 3.231606e+02 8.923428e+02
-7.891974e-05 8.213685e+02 3.292931e+02 9.092763e+02
-8.240135e-05 8.150385e+02 3.267553e+02 9.022688e+02
-8.510007e-05 8.248834e+02 3.307022e+02 9.131675e+02
-8.744088e-05 7.973196e+02 3.196517e+02 8.826536e+02
-8.844965e-05 7.605529e+02 3.049116e+02 8.419519e+02
-8.769454e-05 7.818843e+02 3.134636e+02 8.655663e+02
-8.625480e-05 8.163710e+02 3.272895e+02 9.037440e+02
-8.489195e-05 8.270262e+02 3.315613e+02 9.155395e+02
-8.272227e-05 7.760457e+02 3.111228e+02 8.591028e+02
-7.973427e-05 7.616781e+02 3.053627e+02 8.431975e+02
-7.589166e-05 7.935530e+02 3.181416e+02 8.784839e+02
-7.218690e-05 7.903366e+02 3.168521e+02 8.749232e+02
-6.885284e-05 7.286699e+02 2.921295e+02 8.066566e+02
-6.620400e-05 7.190237e+02 2.882623e+02 7.959780e+02
-6.437521e-05 7.300654e+02 2.926889e+02 8.082014e+02
-6.308547e-05 7.173470e+02 2.875900e+02 7.941218e+02
-6.272314e-05 7.228595e+02 2.898001e+02 8.002243e+02
-6.316516e-05 7.048616e+02 2.825846e+02 7.803002e+02
-6.431787e-05 7.035154e+02 2.820448e+02 7.788099e+02
-6.580040e-05 7.012367e+02 2.811313e+02 7.762873e+02
-6.742020e-05 7.354008e+02 2.948280e+02 8.141079e+02
-6.932359e-05 7.447148e+02 2.985620e+02 8.244187e+02
-7.154099e-05 7.695452e+02 3.085167e+02 8.519066e+02
-7.611949e-05 7.916698e+02 3.173866e+02 8.763991e+02
-8.393146e-05 7.893535e+02 3.164580e+02 8.738348e+02
-9.200895e-05 7.679517e+02 3.078779e+02 8.501425e+02
-9.940979e-05 7.890285e+02 3.163277e+02 8.734751e+02
-1.055098e-04 7.725153e+02 3.097074e+02 8.551945e+02
-1.087564e-04 7.768504e+02 3.114454e+02 8.599936e+02
-1.075571e-04 7.697708e+02 3.086072e+02 8.521564e+02
-1.062719e-04 7.865182e+02 3.153213e+02 8.706962e+02
-1.071419e-04 8.217475e+02 3.294450e+02 9.096959e+02
-1.090228e-04 8.079247e+02 3.239033e+02 8.943937e+02
-1.130564e-04 8.125336e+02 3.257511e+02 8.994959e+02
-1.190467e-04 8.442477e+02 3.384655e+02 9.346042e+02
-1.250801e-04 8.215013e+02 3.293463e+02 9.094233e+02
-1.274516e-04 7.792553e+02 3.124096e+02 8.626560e+02
-1.285251e-04 7.653051e+02 3.068168e+02 8.472126e+02
-1.272541e-04 7.776875e+02 3.117810e+02 8.609203e+02
-1.215446e-04 7.551769e+02 3.027563e+02 8.360004e+02
-1.151042e-04 7.108798e+02 2.849973e+02 7.869625e+02
-1.101086e-04 7.674006e+02 3.076569e+02 8.495325e+02
-1.055043e-04 7.568711e+02 3.034356e+02 8.378761e+02
-1.042721e-04 7.553469e+02 3.028245e+02 8.361887e+02
-1.120197e-04 7.558378e+02 3.030213e+02 8.367322e+02
-1.259447e-04 7.768186e+02 3.114327e+02 8.599584e+02
-1.386426e-04 7.906228e+02 3.169669e+02 8.752400e+02
-1.498502e-04 7.371170e+02 2.955160e+02 8.160077e+02
-1.589578e-04 7.610516e+02 3.051116e+02 8.425039e+02
-1.659220e-04 8.125717e+02 3.257664e+02 8.995381e+02
-1.778829e-04 8.014419e+02 3.213043e+02 8.872170e+02
-1.927593e-04 7.857907e+02 3.150297e+02 8.698908e+02
-2.101467e-04 7.769231e+02 3.114746e+02 8.600742e+02
-2.261054e-04 7.519474e+02 3.014616e+02 8.324253e+02
-2.346460e-04 7.403771e+02 2.968230e+02 8.196167e+02
-2.457715e-04 7.244012e+02 2.904181e+02 8.019310e+02
-2.614859e-04 7.206687e+02 2.889217e+02 7.977990e+02
-2.739209e-04 6.968279e+02 2.793638e+02 7.714066e+02
-2.761469e-04 6.765412e+02 2.712307e+02 7.489488e+02
-2.692760e-04 7.159450e+02 2.870280e+02 7.925698e+02
-2.715583e-04 7.694815e+02 3.084912e+02 8.518361e+02
-2.822172e-04 7.608593e+02 3.050345e+02 8.422910e+02
-2.851723e-04 7.524189e+02 3.016507e+02 8.329473e+02
-2.939428e-04 7.319248e+02 2.934344e+02 8.102598e+02
-3.015821e-04 7.315191e+02 2.932717e+02 8.098107e+02
-2.994189e-04 7.076069e+02 2.836852e+02 7.833393e+02
-3.036656e-04 6.933266e+02 2.779601e+02 7.675306e+02
-3.106363e-04 7.006281e+02 2.808873e+02 7.756136e+02
-3.298880e-04 6.990269e+02 2.802454e+02 7.738409e+02
-3.660209e-04 7.083314e+02 2.839756e+02 7.841413e+02
-4.087671e-04 6.886697e+02 2.760931e+02 7.623753e+02
-4.640510e-04 6.828013e+02 2.737404e+02 7.558788e+02
-5.133176e-04 6.619746e+02 2.653908e+02 7.328232e+02
-5.522316e-04 7.114866e+02 2.852406e+02 7.876342e+02
-5.735645e-04 6.956503e+02 2.788917e+02 7.701030e+02
-5.691876e-04 7.082460e+02 2.839414e+02 7.840468e+02
-5.704802e-04 7.125874e+02 2.856819e+02 7.888528e+02
-5.871436e-04 6.933207e+02 2.779577e+02 7.675240e+02
-5.979628e-04 7.047408e+02 2.825361e+02 7.801664e+02
-5.396696e-04 7.067959e+02 2.833600e+02 7.824414e+02
-4.266423e-04 6.752538e+02 2.707146e+02 7.475236e+02
-3.179124e-04 6.865449e+02 2.752412e+02 7.600231e+02
-2.377768e-04 7.133664e+02 2.859942e+02 7.897152e+02
-1.863022e-04 7.147360e+02 2.865433e+02 7.912314e+02
-1.503489e-04 7.238446e+02 2.901950e+02 8.013148e+02
-1.271017e-04 7.153897e+02 2.868053e+02 7.919550e+02
-1.122769e-04 7.376447e+02 2.957275e+02 8.165918e+02
-1.020411e-04 7.323044e+02 2.935866e+02 8.106801e+02
-9.574094e-05 7.346818e+02 2.945397e+02 8.133119e+02
-8.962526e-05 7.152757e+02 2.867596e+02 7.918288e+02
-8.313536e-05 7.287108e+02 2.921459e+02 8.067018e+02
-7.521180e-05 7.398713e+02 2.966202e+02 8.190568e+02
-6.723971e-05 7.648120e+02 3.066191e+02 8.466668e+02
-6.257814e-05 7.832275e+02 3.140021e+02 8.670533e+02
-5.848068e-05 7.774973e+02 3.117048e+02 8.607098e+02
-5.448019e-05 8.077159e+02 3.238196e+02 8.941625e+02
-5.247173e-05 8.062492e+02 3.232316e+02 8.925388e+02
-5.095650e-05 8.087567e+02 3.242369e+02 8.953148e+02
-4.914037e-05 7.977667e+02 3.198309e+02 8.831485e+02
-4.774902e-05 7.848424e+02 3.146495e+02 8.688410e+02
-4.739779e-05 7.646522e+02 3.065551e+02 8.464899e+02
-4.878350e-05 8.001721e+02 3.207953e+02 8.858114e+02
-5.105757e-05 7.889609e+02 3.163006e+02 8.734003e+02
-5.351035e-05 7.604326e+02 3.048634e+02 8.418187e+02
-5.694392e-05 7.277921e+02 2.917776e+02 8.056848e+02
-6.074566e-05 6.913242e+02 2.771573e+02 7.653139e+02
-6.371481e-05 7.600073e+02 3.046929e+02 8.413479e+02
-6.553778e-05 7.020581e+02 2.814606e+02 7.771967e+02
-6.545330e-05 6.745914e+02 2.704490e+02 7.467903e+02
-6.422129e-05 6.950821e+02 2.786639e+02 7.694740e+02
-6.349452e-05 7.416610e+02 2.973377e+02 8.210380e+02
-6.320230e-05 7.692985e+02 3.084178e+02 8.516335e+02
-6.233562e-05 7.996134e+02 3.205713e+02 8.851929e+02
-6.134155e-05 8.009691e+02 3.211148e+02 8.866937e+02
-6.160988e-05 7.944564e+02 3.185038e+02 8.794839e+02
-6.346214e-05 7.641103e+02 3.063378e+02 8.458900e+02
-6.469179e-05 7.174317e+02 2.876240e+02 7.942155e+02
-6.422000e-05 7.596171e+02 3.045365e+02 8.409160e+02
-6.375783e-05 7.656302e+02 3.069472e+02 8.475726e+02
-6.338480e-05 7.885740e+02 3.161455e+02 8.729719e+02
-6.399008e-05 7.855232e+02 3.149224e+02 8.695947e+02
-6.468198e-05 7.818598e+02 3.134537e+02 8.655392e+02
-6.441828e-05 7.879694e+02 3.159031e+02 8.723026e+02
-6.418339e-05 7.238264e+02 2.901877e+02 8.012946e+02
-6.378480e-05 7.500615e+02 3.007055e+02 8.303376e+02
-6.286893e-05 7.487918e+02 3.001965e+02 8.289320e+02
-6.181200e-05 7.347453e+02 2.945652e+02 8.133822e+02
-6.042510e-05 7.254471e+02 2.908375e+02 8.030889e+02
-5.827975e-05 7.398390e+02 2.966073e+02 8.190211e+02
-5.615573e-05 7.336888e+02 2.941416e+02 8.122126e+02
-5.456513e-05 7.341075e+02 2.943094e+02 8.126761e+02
-5.294491e-05 7.515859e+02 3.013167e+02 8.320252e+02
-5.132902e-05 7.140450e+02 2.862663e+02 7.904665e+02
-5.015423e-05 7.600272e+02 3.047009e+02 8.413699e+02
-4.955239e-05 7.976514e+02 3.197847e+02 8.830208e+02
-4.951897e-05 7.727418e+02 3.097983e+02 8.554453e+02
-5.008959e-05 7.764402e+02 3.112810e+02 8.595395e+02
-5.084815e-05 7.866652e+02 3.153803e+02 8.708589e+02
-5.201376e-05 7.764083e+02 3.112682e+02 8.595042e+02
-5.355334e-05 7.826084e+02 3.137538e+02 8.663679e+02
-5.476505e-05 7.896197e+02 3.165647e+02 8.741296e+02
-5.576157e-05 8.157204e+02 3.270287e+02 9.030238e+02
-5.658598e-05 8.585674e+02 3.442064e+02 9.504565e+02
-5.639985e-05 8.248659e+02 3.306952e+02 9.131480e+02
-5.531778e-05 8.085895e+02 3.241699e+02 8.951297e+02
-5.403606e-05 7.780529e+02 3.119275e+02 8.613248e+02
-5.295511e-05 7.330499e+02 2.938854e+02 8.115053e+02
-5.263469e-05 7.481635e+02 2.999446e+02 8.282365e+02
-5.296982e-05 7.164497e+02 2.872303e+02 7.931285e+02
-5.375323e-05 7.562719e+02 3.031954e+02 8.372127e+02
-5.478476e-05 7.846319e+02 3.145651e+02 8.686079e+02
-5.590956e-05 7.505217e+02 3.008901e+02 8.308471e+02
-5.720403e-05 7.043998e+02 2.823994e+02 7.797889e+02
-5.811060e-05 6.801376e+02 2.726725e+02 7.529300e+02
-5.880192e-05 7.187930e+02 2.881698e+02 7.957226e+02
-6.065566e-05 7.268549e+02 2.914018e+02 8.046473e+02
-6.303560e-05 7.288417e+02 2.921984e+02 8.068468e+02
-6.484143e-05 6.981623e+02 2.798988e+02 7.728839e+02
-6.635391e-05 7.108427e+02 2.849824e+02 7.869214e+02
-6.696388e-05 7.205576e+02 2.888772e+02 7.976760e+02
-6.670019e-05 7.343348e+02 2.944006e+02 8.129278e+02
-6.781124e-05 7.630490e+02 3.059123e+02 8.447151e+02
-7.109528e-05 8.150461e+02 3.267584e+02 9.022773e+02
-7.523218e-05 7.873011e+02 3.156352e+02 8.715628e+02
-8.034854e-05 7.825226e+02 3.137194e+02 8.662729e+02
-8.765514e-05 8.013829e+02 3.212807e+02 8.871517e+02
-9.516454e-05 8.397740e+02 3.366720e+02 9.296517e+02
-1.001266e-04 8.019485e+02 3.215074e+02 8.877778e+02
-1.046355e-04 7.728347e+02 3.098355e+02 8.555482e+02
-1.097081e-04 7.689395e+02 3.082739e+02 8.512360e+02
-1.137201e-04 7.743688e+02 3.104505e+02 8.572464e+02
-1.167405e-04 7.662779e+02 3.072068e+02 8.482896e+02
-1.201863e-04 7.485063e+02 3.000820e+02 8.286159e+02
-1.236709e-04 7.626889e+02 3.057680e+02 8.443165e+02
-1.260826e-04 7.883210e+02 3.160441e+02 8.726919e+02
-1.315688e-04 7.945908e+02 3.185577e+02 8.796327e+02
-1.399006e-04 7.756772e+02 3.109751e+02 8.586948e+02
-1.485648e-04 7.774063e+02 3.116683e+02 8.606091e+02
-1.565815e-04 7.257160e+02 2.909452e+02 8.033865e+02
-1.597553e-04 7.265371e+02 2.912744e+02 8.042955e+02
-1.602063e-04 7.139261e+02 2.862186e+02 7.903348e+02
-1.603879e-04 6.979354e+02 2.798078e+02 7.726327e+02
-1.596971e-04 7.257486e+02 2.909583e+02 8.034226e+02
-1.602879e-04 6.979379e+02 2.798088e+02 7.726355e+02
-1.637321e-04 7.217148e+02 2.893411e+02 7.989571e+02
-1.686557e-04 6.968473e+02 2.793716e+02 7.714281e+02
-1.728991e-04 6.854246e+02 2.747921e+02 7.587829e+02
-1.750094e-04 7.029843e+02 2.818319e+02 7.782219e+02
-1.717382e-04 7.496146e+02 3.005264e+02 8.298429e+02
-1.642904e-04 7.214726e+02 2.892440e+02 7.986890e+02
-1.576284e-04 7.149102e+02 2.866131e+02 7.914242e+02
-1.569350e-04 7.181583e+02 2.879153e+02 7.950200e+02
-1.615209e-04 7.720029e+02 3.095020e+02 8.546273e+02
-1.657009e-04 7.427097e+02 2.977582e+02 8.221990e+02
-1.729494e-04 7.014860e+02 2.812312e+02 7.765632e+02
-1.834499e-04 6.994060e+02 2.803974e+02 7.742606e+02
-1.866891e-04 6.670168e+02 2.674123e+02 7.384050e+02
-1.813268e-04 7.028312e+02 2.817706e+02 7.780525e+02
-1.740009e-04 7.114107e+02 2.852101e+02 7.875502e+02
-1.731618e-04 7.430864e+02 2.979092e+02 8.226160e+02
-1.780382e-04 7.377729e+02 2.957789e+02 8.167338e+02
-1.837952e-04 7.099543e+02 2.846262e+02 7.859379e+02
-1.873719e-04 6.873546e+02 2.755658e+02 7.609194e+02
-1.915029e-04 7.133797e+02 2.859995e+02 7.897299e+02
-1.940069e-04 7.667111e+02 3.073805e+02 8.487692e+02
-1.943504e-04 7.722878e+02 3.096163e+02 8.549428e+02
-1.978920e-04 7.795554e+02 3.125299e+02 8.629882e+02
-2.030282e-04 7.311199e+02 2.931117e+02 8.093688e+02
-2.097163e-04 7.516433e+02 3.013397e+02 8.320887e+02
-2.152704e-04 7.456269e+02 2.989277e+02 8.254284e+02
-2.209537e-04 7.545346e+02 3.024988e+02 8.352895e+02
-2.262634e-04 7.597808e+02 3.046021e+02 8.410971e+02
-2.248850e-04 7.577806e+02 3.038002e+02 8.388829e+02
-2.224355e-04 7.873695e+02 3.156626e+02 8.716385e+02
-2.222528e-04 7.741882e+02 3.103781e+02 8.570465e+02
-2.219248e-04 7.692917e+02 3.084151e+02 8.516260e+02
-2.148210e-04 7.666341e+02 3.073496e+02 8.486839e+02
-2.006434e-04 7.522270e+02 3.015737e+02 8.327349e+02
-1.855726e-04 7.755441e+02 3.109217e+02 8.585475e+02
-1.685813e-04 7.667383e+02 3.073914e+02 8.487993e+02
-1.516260e-04 7.755282e+02 3.109153e+02 8.585299e+02
-1.358367e-04 7.676824e+02 3.077699e+02 8.498444e+02
-1.208242e-04 7.773826e+02 3.116588e+02 8.605828e+02
-1.090947e-04 7.568055e+02 3.034093e+02 8.378034e+02
-1.011889e-04 7.467986e+02 2.993974e+02 8.267255e+02
-9.392071e-05 7.395400e+02 2.964874e+02 8.186900e+02
-8.753867e-05 7.538552e+02 3.022264e+02 8.345373e+02
-8.460404e-05 7.468794e+02 2.994298e+02 8.268149e+02
-8.310524e-05 7.477304e+02 2.997710e+02 8.277571e+02
-8.093195e-05 7.346091e+02 2.945106e+02 8.132315e+02
-7.893947e-05 7.223052e+02 2.895778e+02 7.996107e+02
-7.879462e-05 6.734209e+02 2.699797e+02 7.454944e+02
-7.919945e-05 6.984867e+02 2.800288e+02 7.732429e+02
-7.909262e-05 6.933058e+02 2.779517e+02 7.675076e+02
-7.905833e-05 6.941578e+02 2.782933e+02 7.684508e+02
-7.734566e-05 7.276375e+02 2.917156e+02 8.055136e+02
-7.514189e-05 6.938562e+02 2.781724e+02 7.681169e+02
-7.330704e-05 6.890443e+02 2.762433e+02 7.627900e+02
-7.139032e-05 6.920567e+02 2.774510e+02 7.661248e+02
-7.040149e-05 7.169590e+02 2.874345e+02 7.936923e+02
-6.935505e-05 7.213269e+02 2.891856e+02 7.985276e+02
-6.767574e-05 7.467307e+02 2.993702e+02 8.266503e+02
-6.711278e-05 7.082958e+02 2.839613e+02 7.841019e+02
-6.666746e-05 7.700000e+02 3.086991e+02 8.524101e+02
-6.504294e-05 7.591205e+02 3.043374e+02 8.403662e+02
-6.306025e-05 7.225505e+02 2.896762e+02 7.998822e+02
-6.122408e-05 7.390203e+02 2.962791e+02 8.181148e+02
-5.963434e-05 7.675771e+02 3.077277e+02 8.497278e+02
-5.900558e-05 7.135918e+02 2.860845e+02 7.899647e+02
-5.939793e-05 7.309537e+02 2.930451e+02 8.091848e+02
-6.078999e-05 7.064106e+02 2.832056e+02 7.820149e+02
-6.241947e-05 6.952671e+02 2.787380e+02 7.696788e+02
-6.307888e-05 6.985588e+02 2.800577e+02 7.733228e+02
-6.345805e-05 7.041910e+02 2.823157e+02 7.795578e+02
-6.414350e-05 6.895042e+02 2.764277e+02 7.632991e+02
-6.482725e-05 7.253452e+02 2.907966e+02 8.029761e+02
-6.526740e-05 7.352877e+02 2.947826e+02 8.139827e+02
-6.544708e-05 7.240761e+02 2.902878e+02 8.015711e+02
-6.538458e-05 7.380379e+02 2.958852e+02 8.170272e+02
-6.526763e-05 7.853508e+02 3.148533e+02 8.694038e+02
-6.568246e-05 7.680797e+02 3.079292e+02 8.502842e+02
-6.706062e-05 7.780014e+02 3.119069e+02 8.612678e+02
-6.848427e-05 7.717805e+02 3.094129e+02 8.543811e+02
-7.021280e-05 7.284577e+02 2.920444e+02 8.064217e+02
-7.389192e-05 7.700851e+02 3.087332e+02 8.525043e+02
-7.931553e-05 8.061222e+02 3.231807e+02 8.923982e+02
-8.519442e-05 8.248629e+02 3.306940e+02 9.131447e+02
-9.160757e-05 8.412932e+02 3.372810e+02 9.313334e+02
-9.951754e-05 8.423714e+02 3.377133e+02 9.325271e+02
-1.089739e-04 8.407177e+02 3.370503e+02 9.306963e+02
-1.209004e-04 7.480943e+02 2.999169e+02 8.281599e+02
-1.358644e-04 7.391134e+02 2.963164e+02 8.182178e+02
-1.521239e-04 7.522240e+02 3.015725e+02 8.327315e+02
-1.688006e-04 7.832748e+02 3.140210e+02 8.671056e+02
-1.859799e-04 8.315512e+02 3.333754e+02 9.205488e+02
-2.055551e-04 7.942119e+02 3.184058e+02 8.792132e+02
-2.332237e-04 7.746952e+02 3.105814e+02 8.576078e+02
-2.696390e-04 7.506924e+02 3.009585e+02 8.310361e+02
-3.200698e-04 7.473430e+02 2.996157e+02 8.273282e+02
-3.944387e-04 7.281237e+02 2.919105e+02 8.060519e+02
-5.006303e-04 7.697294e+02 3.085905e+02 8.521104e+02
-6.718703e-04 8.208583e+02 3.290885e+02 9.087115e+02
-9.289128e-04 8.435551e+02 3.381879e+02 9.338374e+02
-1.210267e-03 7.926369e+02 3.177744e+02 8.774697e+02
-1.485134e-03 7.713157e+02 3.092265e+02 8.538665e+02
-1.681094e-03 7.592616e+02 3.043939e+02 8.405224e+02
-1.733877e-03 7.592266e+02 3.043799e+02 8.404836e+02
-1.854812e-03 7.284567e+02 2.920440e+02 8.064205e+02
-2.027839e-03 7.582574e+02 3.039914e+02 8.394107e+02
-2.097240e-03 7.647777e+02 3.066054e+02 8.466288e+02
-2.110705e-03 7.949664e+02 3.187083e+02 8.800485e+02
-2.214757e-03 8.094788e+02 3.245264e+02 8.961141e+02
-2.353905e-03 7.857035e+02 3.149947e+02 8.697943e+02
-2.380594e-03 8.037561e+02 3.222321e+02 8.897789e+02
-2.324866e-03 7.691903e+02 3.083744e+02 8.515136e+02
-2.219532e-03 7.636904e+02 3.061695e+02 8.454251e+02
-2.059901e-03 7.799779e+02 3.126993e+02 8.634558e+02
-1.826130e-03 7.820493e+02 3.135297e+02 8.657489e+02
-1.547526e-03 8.140894e+02 3.263748e+02 9.012181e+02
-1.280309e-03 8.231486e+02 3.300068e+02 9.112470e+02
-1.051445e-03 8.457544e+02 3.390696e+02 9.362721e+02
-8.672085e-04 8.411608e+02 3.372280e+02 9.311870e+02
-6.962051e-04 8.216249e+02 3.293959e+02 9.095601e+02
-5.504530e-04 7.923828e+02 3.176725e+02 8.771884e+02
-4.429824e-04 8.154601e+02 3.269244e+02 9.027356e+02
-3.603797e-04 7.833160e+02 3.140375e+02 8.671512e+02
-2.961633e-04 7.687974e+02 3.082169e+02 8.510787e+02
-2.533994e-04 7.578140e+02 3.038136e+02 8.389199e+02
-2.289908e-04 7.790739e+02 3.123368e+02 8.624550e+02
-2.149356e-04 8.163256e+02 3.272713e+02 9.036937e+02
-2.070766e-04 8.653496e+02 3.469254e+02 9.579645e+02
-1.995698e-04 8.436396e+02 3.382218e+02 9.339311e+02
-1.922306e-04 8.090882e+02 3.243698e+02 8.956817e+02
-1.804628e-04 8.227699e+02 3.298549e+02 9.108278e+02
-1.622629e-04 7.692199e+02 3.083863e+02 8.515465e+02
-1.459180e-04 7.290477e+02 2.922809e+02 8.070748e+02
-1.334824e-04 7.384158e+02 2.960367e+02 8.174456e+02
-1.252819e-04 7.211169e+02 2.891014e+02 7.982952e+02
-1.207760e-04 7.530938e+02 3.019212e+02 8.336944e+02
-1.157533e-04 7.333350e+02 2.939997e+02 8.118209e+02
-1.091956e-04 7.626631e+02 3.057576e+02 8.442879e+02
-1.042397e-04 7.836088e+02 3.141549e+02 8.674753e+02
-1.005778e-04 8.460073e+02 3.391710e+02 9.365521e+02
-9.764094e-05 8.124916e+02 3.257343e+02 8.994494e+02
-9.460294e-05 8.180016e+02 3.279433e+02 9.055491e+02
-9.120746e-05 7.934222e+02 3.180892e+02 8.783390e+02
-8.846666e-05 7.882090e+02 3.159992e+02 8.725679e+02
-8.664092e-05 7.413584e+02 2.972164e+02 8.207030e+02
-8.465319e-05 7.441419e+02 2.983323e+02 8.237845e+02
-8.221989e-05 7.509172e+02 3.010486e+02 8.312848e+02
-8.059984e-05 7.897762e+02 3.166275e+02 8.743028e+02
-7.929295e-05 7.586400e+02 3.041447e+02 8.398343e+02
-7.799843e-05 7.464479e+02 2.992568e+02 8.263373e+02
-7.645345e-05 7.215819e+02 2.892878e+02 7.988099e+02
-7.553318e-05 7.377876e+02 2.957849e+02 8.167501e+02
-7.516356e-05 7.656510e+02 3.069555e+02 8.475956e+02
-7.409631e-05 7.002164e+02 2.807223e+02 7.751578e+02
-7.372378e-05 6.656866e+02 2.668790e+02 7.369324e+02
-7.442269e-05 6.712250e+02 2.690994e+02 7.430635e+02
-7.459642e-05 7.029180e+02 2.818053e+02 7.781485e+02
-7.420252e-05 7.306709e+02 2.929317e+02 8.088717e+02
-7.409133e-05 7.131447e+02 2.859053e+02 7.894697e+02
-7.498072e-05 7.040698e+02 2.822671e+02 7.794236e+02
-7.685381e-05 7.503460e+02 3.008196e+02 8.306526e+02
-7.921053e-05 7.134808e+02 2.860401e+02 7.898418e+02
-8.149285e-05 7.219018e+02 2.894161e+02 7.991641e+02
-8.332126e-05 7.138148e+02 2.861740e+02 7.902116e+02
-8.471153e-05 6.730925e+02 2.698481e+02 7.451309e+02
-8.514324e-05 6.246301e+02 2.504191e+02 6.914818e+02
-8.439062e-05 6.368017e+02 2.552988e+02 7.049560e+02
-8.367144e-05 7.068540e+02 2.833833e+02 7.825058e+02
-8.337313e-05 6.758206e+02 2.709418e+02 7.481510e+02
-8.254368e-05 7.078953e+02 2.838008e+02 7.836585e+02
-8.091007e-05 7.097762e+02 2.845549e+02 7.857408e+02
-7.993537e-05 7.112665e+02 2.851523e+02 7.873905e+02
-7.943840e-05 6.811123e+02 2.730633e+02 7.540091e+02
-7.790963e-05 7.030893e+02 2.818740e+02 7.783382e+02
-7.537516e-05 7.096338e+02 2.844978e+02 7.855831e+02
-7.246579e-05 6.816480e+02 2.732780e+02 7.546021e+02
-6.940362e-05 6.673105e+02 2.675300e+02 7.387301e+02
-6.652698e-05 6.255493e+02 2.507876e+02 6.924994e+02
-6.385769e-05 6.479823e+02 2.597812e+02 7.173333e+02
-6.212095e-05 6.227322e+02 2.496582e+02 6.893808e+02
-6.103693e-05 6.374510e+02 2.555591e+02 7.056748e+02
-5.955664e-05 6.854071e+02 2.747851e+02 7.587635e+02
-5.797925e-05 7.530206e+02 3.018919e+02 8.336134e+02
-5.688729e-05 7.755793e+02 3.109358e+02 8.585865e+02
-5.646997e-05 7.290875e+02 2.922969e+02 8.071189e+02
-5.642333e-05 7.315074e+02 2.932671e+02 8.097978e+02
-5.614697e-05 7.897472e+02 3.166158e+02 8.742707e+02
-5.523656e-05 7.820193e+02 3.135177e+02 8.657157e+02
-5.478911e-05 7.431128e+02 2.979198e+02 8.226452e+02
-5.453887e-05 7.980019e+02 3.199252e+02 8.834089e+02
-5.397002e-05 7.673096e+02 3.076204e+02 8.494317e+02
-5.368592e-05 8.034783e+02 3.221207e+02 8.894714e+02
-5.370546e-05 8.027691e+02 3.218364e+02 8.886863e+02
-5.426473e-05 8.215065e+02 3.293484e+02 9.094291e+02
-5.572934e-05 7.797781e+02 3.126192e+02 8.632347e+02
-5.738822e-05 8.028149e+02 3.218548e+02 8.887370e+02
-5.861535e-05 7.791013e+02 3.123478e+02 8.624854e+02
-5.961666e-05 7.612354e+02 3.051852e+02 8.427074e+02
-6.072062e-05 8.017971e+02 3.214468e+02 8.876103e+02
-6.173074e-05 7.945262e+02 3.185318e+02 8.795611e+02
-6.203606e-05 7.945835e+02 3.185548e+02 8.796247e+02
-6.196174e-05 7.824043e+02 3.136720e+02 8.661420e+02
-6.233559e-05 7.731178e+02 3.099490e+02 8.558616e+02
-6.384669e-05 7.372156e+02 2.955555e+02 8.161169e+02
-6.591627e-05 7.447370e+02 2.985709e+02 8.244432e+02
-6.739849e-05 7.744769e+02 3.104939e+02 8.573661e+02
-6.902035e-05 8.045339e+02 3.225440e+02 8.906400e+02
-7.121123e-05 8.104395e+02 3.249116e+02 8.971777e+02
-7.298753e-05 7.776135e+02 3.117514e+02 8.608384e+02
-7.358584e-05 7.635317e+02 3.061059e+02 8.452495e+02
-7.427489e-05 7.603823e+02 3.048432e+02 8.417631e+02
-7.555223e-05 7.875979e+02 3.157542e+02 8.718914e+02
-7.935123e-05 7.587419e+02 3.041856e+02 8.399471e+02
-8.695759e-05 7.636480e+02 3.061525e+02 8.453782e+02
-9.414949e-05 7.536804e+02 3.021564e+02 8.343439e+02
-1.020028e-04 7.994867e+02 3.205205e+02 8.850527e+02
-1.114086e-04 8.035196e+02 3.221373e+02 8.895171e+02
-1.211387e-04 8.113184e+02 3.252639e+02 8.981506e+02
-1.324602e-04 8.029077e+02 3.218920e+02 8.888398e+02
-1.448209e-04 8.071903e+02 3.236089e+02 8.935806e+02
-1.575326e-04 8.324296e+02 3.337276e+02 9.215213e+02
-1.726400e-04 8.163802e+02 3.272932e+02 9.037541e+02
-1.868207e-04 7.613134e+02 3.052165e+02 8.427938e+02
-1.971907e-04 7.560620e+02 3.031112e+02 8.369804e+02
-2.028831e-04 7.712628e+02 3.092053e+02 8.538080e+02
-1.995740e-04 7.438230e+02 2.982045e+02 8.234315e+02
-1.863889e-04 7.420166e+02 2.974803e+02 8.214317e+02
-1.709339e-04 7.262806e+02 2.911716e+02 8.040115e+02
-1.597322e-04 7.101326e+02 2.846977e+02 7.861352e+02
-1.522499e-04 7.162795e+02 2.871621e+02 7.929401e+02
-1.507076e-04 7.052585e+02 2.827437e+02 7.807395e+02
-1.492733e-04 7.333125e+02 2.939908e+02 8.117961e+02
-1.445790e-04 7.413354e+02 2.972072e+02 8.206776e+02
-1.429279e-04 7.386833e+02 2.961439e+02 8.177417e+02
-1.461616e-04 7.443756e+02 2.984260e+02 8.240432e+02
-1.472887e-04 7.302521e+02 2.927638e+02 8.084081e+02
-1.443466e-04 7.468306e+02 2.994102e+02 8.267609e+02
-1.443064e-04 7.788922e+02 3.122640e+02 8.622540e+02
-1.472819e-04 7.760113e+02 3.111090e+02 8.590647e+02
-1.473004e-04 7.665269e+02 3.073067e+02 8.485653e+02
-1.410277e-04 7.218641e+02 2.894010e+02 7.991224e+02
-1.317128e-04 7.217088e+02 2.893387e+02 7.989505e+02
-1.232770e-04 6.958494e+02 2.789715e+02 7.703234e+02
-1.157957e-04 6.986819e+02 2.801071e+02 7.734590e+02
-1.122979e-04 7.087165e+02 2.841300e+02 7.845676e+02
-1.107122e-04 6.882411e+02 2.759212e+02 7.619008e+02
-1.065568e-04 7.102268e+02 2.847355e+02 7.862395e+02
-9.965428e-05 7.735823e+02 3.101352e+02 8.563757e+02
-9.418185e-05 7.739183e+02 3.102699e+02 8.567478e+02
-9.187892e-05 7.548004e+02 3.026054e+02 8.355837e+02
-8.973712e-05 7.454163e+02 2.988432e+02 8.251952e+02
-8.674330e-05 7.484092e+02 3.000431e+02 8.285085e+02
-8.340168e-05 7.186888e+02 2.881280e+02 7.956072e+02
-8.060061e-05 7.615479e+02 3.053105e+02 8.430533e+02
-7.802365e-05 7.537911e+02 3.022008e+02 8.344664e+02
-7.638165e-05 7.297641e+02 2.925682e+02 8.078679e+02
-7.615358e-05 7.481733e+02 2.999485e+02 8.282473e+02
-7.715625e-05 7.361494e+02 2.951281e+02 8.149365e+02
-7.833937e-05 6.950098e+02 2.786349e+02 7.693939e+02
-7.821243e-05 7.116038e+02 2.852875e+02 7.877639e+02
-7.813970e-05 7.355129e+02 2.948729e+02 8.142319e+02
-7.930841e-05 7.564700e+02 3.032748e+02 8.374320e+02
-8.004665e-05 7.245785e+02 2.904892e+02 8.021273e+02
-8.002210e-05 7.242802e+02 2.903696e+02 8.017971e+02
-7.988962e-05 7.074911e+02 2.836387e+02 7.832110e+02
-7.871324e-05 7.247694e+02 2.905657e+02 8.023386e+02
-7.625918e-05 7.527457e+02 3.017817e+02 8.333091e+02
-7.332572e-05 7.364477e+02 2.952477e+02 8.152668e+02
-7.156252e-05 7.144283e+02 2.864199e+02 7.908908e+02
-7.178585e-05 7.247371e+02 2.905528e+02 8.023028e+02
-7.375264e-05 7.641596e+02 3.063576e+02 8.459446e+02
-7.687029e-05 8.178857e+02 3.278968e+02 9.054207e+02
-8.045692e-05 8.699537e+02 3.487713e+02 9.630615e+02
-8.587064e-05 8.285404e+02 3.321684e+02 9.172158e+02
-9.518671e-05 8.444340e+02 3.385402e+02 9.348105e+02
-1.100385e-04 8.295018e+02 3.325538e+02 9.182801e+02
-1.313359e-04 8.173905e+02 3.276983e+02 9.048726e+02
-1.583708e-04 7.888325e+02 3.162492e+02 8.732582e+02
-1.873469e-04 8.106189e+02 3.249835e+02 8.973762e+02
-2.210284e-04 8.208547e+02 3.290871e+02 9.087075e+02
-2.611456e-04 7.796611e+02 3.125723e+02 8.631051e+02
-3.106251e-04 7.776461e+02 3.117644e+02 8.608745e+02
-3.870679e-04 7.866892e+02 3.153899e+02 8.708854e+02
-4.812141e-04 7.409523e+02 2.970536e+02 8.202535e+02
-5.632620e-04 7.956133e+02 3.189676e+02 8.807646e+02
-6.186905e-04 7.840106e+02 3.143160e+02 8.679201e+02
-6.635275e-04 7.591528e+02 3.043503e+02 8.404019e+02
-7.006327e-04 7.732882e+02 3.100173e+02 8.560502e+02
-7.211323e-04 7.653462e+02 3.068333e+02 8.472582e+02
-7.532771e-04 7.787449e+02 3.122049e+02 8.620909e+02
-8.322574e-04 7.648661e+02 3.066408e+02 8.467267e+02
-9.036159e-04 7.413226e+02 2.972021e+02 8.206635e+02
-9.047349e-04 7.349202e+02 2.946353e+02 8.135758e+02
-8.539119e-04 7.023460e+02 2.815760e+02 7.775154e+02
-7.599738e-04 7.622851e+02 3.056061e+02 8.438694e+02
-6.482733e-04 7.760810e+02 3.111370e+02 8.591419e+02
-5.483977e-04 7.504007e+02 3.008415e+02 8.307131e+02
-4.744034e-04 7.240591e+02 2.902810e+02 8.015523e+02
-4.202937e-04 7.346204e+02 2.945151e+02 8.132439e+02
-3.754173e-04 7.296841e+02 2.925361e+02 8.077793e+02
-3.316512e-04 7.412665e+02 2.971796e+02 8.206013e+02
-2.928642e-04 6.960083e+02 2.790352e+02 7.704993e+02
-2.591995e-04 6.975710e+02 2.796617e+02 7.722293e+02
-2.274499e-04 6.905341e+02 2.768405e+02 7.644392e+02
-1.986103e-04 7.002322e+02 2.807286e+02 7.751753e+02
-1.757813e-04 7.158506e+02 2.869901e+02 7.924652e+02
-1.598340e-04 7.576094e+02 3.037316e+02 8.386933e+02
-1.442777e-04 7.104565e+02 2.848276e+02 7.864938e+02
-1.240278e-04 6.895159e+02 2.764323e+02 7.633120e+02
-1.066730e-04 7.078975e+02 2.838017e+02 7.836610e+02
-9.581349e-05 7.051323e+02 2.826931e+02 7.805998e+02
-8.900402e-05 7.141734e+02 2.863177e+02 7.906085e+02
-8.340663e-05 7.058359e+02 2.829751e+02 7.813787e+02
-8.034912e-05 6.991161e+02 2.802811e+02 7.739397e+02
-7.950388e-05 6.744494e+02 2.703920e+02 7.466330e+02
-7.939625e-05 7.016845e+02 2.813108e+02 7.767830e+02
-8.041449e-05 7.342060e+02 2.943490e+02 8.127852e+02
-8.145593e-05 7.149494e+02 2.866288e+02 7.914676e+02
-8.216714e-05 7.053289e+02 2.827719e+02 7.808175e+02
-8.263543e-05 7.224330e+02 2.896291e+02 7.997521e+02
-8.296490e-05 7.790690e+02 3.123349e+02 8.624497e+02
-8.442216e-05 7.287215e+02 2.921502e+02 8.067137e+02
-8.753422e-05 7.165441e+02 2.872681e+02 7.932330e+02
-9.253671e-05 7.035538e+02 2.820602e+02 7.788524e+02
-9.960982e-05 7.030657e+02 2.818646e+02 7.783121e+02
-1.071253e-04 7.162040e+02 2.871318e+02 7.928565e+02
-1.110993e-04 6.761835e+02 2.710873e+02 7.485527e+02
-1.111224e-04 6.842342e+02 2.743149e+02 7.574651e+02
-1.108471e-04 6.621178e+02 2.654482e+02 7.329817e+02
-1.101400e-04 6.813575e+02 2.731616e+02 7.542805e+02
-1.081350e-04 7.290110e+02 2.922662e+02 8.070342e+02
-1.066609e-04 7.257955e+02 2.909771e+02 8.034745e+02
-1.065566e-04 7.554993e+02 3.028856e+02 8.363574e+02
-1.063506e-04 7.258251e+02 2.909890e+02 8.035073e+02
-1.064500e-04 6.999877e+02 2.806306e+02 7.749046e+02
-1.084398e-04 6.775482e+02 2.716344e+02 7.500635e+02
-1.119664e-04 6.919962e+02 2.774267e+02 7.660579e+02
-1.195742e-04 6.595962e+02 2.644373e+02 7.301901e+02
-1.321722e-04 6.553867e+02 2.627497e+02 7.255302e+02
-1.514836e-04 7.055484e+02 2.828599e+02 7.810604e+02
-1.767467e-04 7.217601e+02 2.893593e+02 7.990072e+02
-2.004435e-04 7.397773e+02 2.965825e+02 8.189527e+02
-2.206029e-04 7.478700e+02 2.998269e+02 8.279116e+02
-2.459477e-04 7.267143e+02 2.913455e+02 8.044917e+02
-2.921516e-04 6.929661e+02 2.778155e+02 7.671315e+02
-3.639348e-04 6.987145e+02 2.801201e+02 7.734951e+02
-4.430885e-04 6.907867e+02 2.769418e+02 7.647189e+02
-5.022300e-04 6.790521e+02 2.722373e+02 7.517284e+02
-5.407263e-04 6.659279e+02 2.669757e+02 7.371995e+02
-5.673625e-04 6.700566e+02 2.686309e+02 7.417701e+02
-6.000834e-04 7.045983e+02 2.824790e+02 7.800087e+02
-6.373452e-04 6.710515e+02 2.690298e+02 7.428715e+02
-6.646328e-04 7.174605e+02 2.876355e+02 7.942475e+02
-6.743795e-04 7.307880e+02 2.929787e+02 8.090014e+02
-6.402625e-04 7.621813e+02 3.055644e+02 8.437545e+02
-5.781459e-04 7.950835e+02 3.187552e+02 8.801782e+02
-5.091083e-04 7.677420e+02 3.077938e+02 8.499104e+02
-4.542044e-04 7.897010e+02 3.165973e+02 8.742196e+02
-4.133837e-04 7.806299e+02 3.129607e+02 8.641776e+02
-3.753269e-04 7.895162e+02 3.165232e+02 8.740150e+02
-3.406561e-04 7.722826e+02 3.096141e+02 8.549369e+02
-3.022651e-04 7.431380e+02 2.979299e+02 8.226732e+02
-2.694475e-04 6.826518e+02 2.736805e+02 7.557134e+02
-2.452532e-04 7.194184e+02 2.884205e+02 7.964149e+02
-2.284027e-04 6.501129e+02 2.606354e+02 7.196920e+02
-2.194205e-04 7.068786e+02 2.833932e+02 7.825330e+02
-2.092659e-04 7.544873e+02 3.024799e+02 8.352371e+02
-1.925978e-04 7.330555e+02 2.938877e+02 8.115116e+02
-1.736874e-04 7.332739e+02 2.939753e+02 8.117533e+02
-1.583185e-04 7.518327e+02 3.014156e+02 8.322984e+02
-1.448123e-04 7.526189e+02 3.017308e+02 8.331687e+02
-1.330319e-04 7.758763e+02 3.110549e+02 8.589153e+02
-1.241953e-04 7.549207e+02 3.026536e+02 8.357168e+02
-1.177789e-04 7.441198e+02 2.983235e+02 8.237600e+02
-1.176639e-04 7.191967e+02 2.883316e+02 7.961695e+02
-1.199825e-04 7.081892e+02 2.839186e+02 7.839838e+02
-1.257453e-04 6.820644e+02 2.734450e+02 7.550631e+02
-1.311082e-04 6.636713e+02 2.660710e+02 7.347014e+02
-1.290317e-04 7.386065e+02 2.961132e+02 8.176567e+02
-1.308263e-04 7.420286e+02 2.974851e+02 8.214450e+02
-1.365887e-04 7.546914e+02 3.025617e+02 8.354631e+02
-1.440675e-04 7.366395e+02 2.953246e+02 8.154791e+02
-1.557400e-04 7.241436e+02 2.903149e+02 8.016459e+02
-1.656393e-04 7.113798e+02 2.851977e+02 7.875159e+02
-1.701966e-04 6.912794e+02 2.771393e+02 7.652643e+02
-1.723459e-04 6.922172e+02 2.775153e+02 7.663025e+02
-1.701273e-04 6.833500e+02 2.739604e+02 7.564863e+02
-1.634053e-04 6.836270e+02 2.740714e+02 7.567929e+02
-1.517902e-04 7.191609e+02 2.883173e+02 7.961299e+02
-1.403081e-04 7.197955e+02 2.885717e+02 7.968324e+02
-1.347480e-04 7.615712e+02 3.053199e+02 8.430792e+02
-1.325647e-04 7.683596e+02 3.080414e+02 8.505941e+02
-1.329271e-04 7.391802e+02 2.963431e+02 8.182917e+02
-1.354886e-04 7.449667e+02 2.986630e+02 8.246975e+02
-1.356880e-04 7.649328e+02 3.066676e+02 8.468005e+02
-1.313749e-04 7.618289e+02 3.054232e+02 8.433645e+02
-1.262777e-04 7.753512e+02 3.108444e+02 8.583340e+02
-1.216626e-04 7.663270e+02 3.072265e+02 8.483439e+02
-1.161404e-04 7.598915e+02 3.046465e+02 8.412197e+02
-1.120488e-04 8.023187e+02 3.216559e+02 8.881877e+02
-1.102339e-04 7.858875e+02 3.150685e+02 8.699979e+02
-1.099591e-04 7.678742e+02 3.078468e+02 8.500567e+02
-1.131337e-04 7.357680e+02 2.949752e+02 8.145143e+02
-1.190661e-04 7.423173e+02 2.976008e+02 8.217645e+02
-1.227995e-04 7.037537e+02 2.821404e+02 7.790737e+02
-1.255193e-04 7.451589e+02 2.987401e+02 8.249103e+02
-1.293675e-04 7.421721e+02 2.975426e+02 8.216038e+02
-1.328735e-04 7.417514e+02 2.973740e+02 8.211381e+02
-1.368598e-04 7.252858e+02 2.907728e+02 8.029103e+02
-1.384798e-04 7.418395e+02 2.974093e+02 8.212356e+02
-1.375474e-04 7.248124e+02 2.905830e+02 8.023862e+02
-1.380902e-04 7.246909e+02 2.905343e+02 8.022517e+02
-1.423648e-04 7.347102e+02 2.945511e+02 8.133433e+02
-1.488998e-04 7.481940e+02 2.999568e+02 8.282702e+02
-1.560000e-04 7.288124e+02 2.921866e+02 8.068143e+02
-1.655365e-04 7.073417e+02 2.835788e+02 7.830457e+02
-1.785150e-04 7.018711e+02 2.813856e+02 7.769896e+02
-1.952519e-04 7.735661e+02 3.101287e+02 8.563578e+02
-2.174070e-04 7.489199e+02 3.002478e+02 8.290738e+02
-2.454202e-04 7.569499e+02 3.034672e+02 8.379633e+02
-2.728713e-04 7.299914e+02 2.926593e+02 8.081194e+02
-2.923949e-04 7.019153e+02 2.814034e+02 7.770385e+02
-3.121972e-04 7.174096e+02 2.876152e+02 7.941911e+02
-3.419147e-04 7.316119e+02 2.933089e+02 8.099134e+02
-3.797217e-04 7.518271e+02 3.014134e+02 8.322922e+02
-4.442060e-04 7.393601e+02 2.964153e+02 8.184908e+02
-5.624416e-04 7.190471e+02 2.882716e+02 7.960038e+02
-7.945602e-04 7.676107e+02 3.077412e+02 8.497651e+02
-1.235793e-03 7.491638e+02 3.003457e+02 8.293439e+02
-1.877877e-03 7.530115e+02 3.018882e+02 8.336034e+02
-2.762220e-03 7.271241e+02 2.915097e+02 8.049453e+02
-4.175968e-03 7.432857e+02 2.979891e+02 8.228366e+02
-6.557213e-03 7.453130e+02 2.988018e+02 8.250809e+02
-9.549188e-03 7.336381e+02 2.941213e+02 8.121564e+02
-1.248898e-02 7.065536e+02 2.832629e+02 7.821733e+02
-1.589813e-02 7.443387e+02 2.984112e+02 8.240024e+02
-2.137880e-02 7.202130e+02 2.887390e+02 7.972945e+02
-2.964456e-02 7.606384e+02 3.049459e+02 8.420465e+02
-3.971902e-02 7.800914e+02 3.127448e+02 8.635815e+02
-4.976646e-02 8.221397e+02 3.296023e+02 9.101301e+02
-5.240105e-02 8.197527e+02 3.286453e+02 9.074876e+02
-4.094892e-02 8.146806e+02 3.266118e+02 9.018726e+02
-2.359869e-02 7.858357e+02 3.150477e+02 8.699406e+02
-1.178829e-02 7.622135e+02 3.055774e+02 8.437902e+02
-5.915118e-03 7.603221e+02 3.048191e+02 8.416964e+02
-3.050014e-03 7.825561e+02 3.137329e+02 8.663100e+02
-1.680075e-03 7.822528e+02 3.136113e+02 8.659742e+02
-1.052023e-03 7.485090e+02 3.000832e+02 8.286190e+02
-7.380477e-04 7.479356e+02 2.998533e+02 8.279842e+02
-5.643566e-04 7.296135e+02 2.925078e+02 8.077012e+02
-4.635108e-04 7.433576e+02 2.980179e+02 8.229162e+02
-3.845768e-04 7.761346e+02 3.111585e+02 8.592012e+02
-3.112128e-04 8.283970e+02 3.321108e+02 9.170570e+02
-2.546902e-04 8.015865e+02 3.213623e+02 8.873771e+02
-2.160805e-04 7.748152e+02 3.106295e+02 8.577406e+02
-1.920942e-04 7.536591e+02 3.021478e+02 8.343202e+02
-1.786891e-04 7.434589e+02 2.980585e+02 8.230284e+02
-1.701046e-04 7.601709e+02 3.047585e+02 8.415290e+02
-1.626166e-04 7.733439e+02 3.100396e+02 8.561118e+02
-1.519298e-04 7.620445e+02 3.055096e+02 8.436031e+02
-1.366574e-04 7.363109e+02 2.951928e+02 8.151154e+02
-1.183146e-04 7.539178e+02 3.022516e+02 8.346067e+02
-1.022401e-04 7.387218e+02 2.961594e+02 8.177843e+02
-9.128248e-05 7.802407e+02 3.128046e+02 8.637468e+02
-8.215235e-05 8.263356e+02 3.312844e+02 9.147751e+02
-7.367328e-05 8.692670e+02 3.484960e+02 9.623012e+02
-6.703327e-05 8.418906e+02 3.375205e+02 9.319948e+02
-6.176888e-05 8.122131e+02 3.256226e+02 8.991410e+02
-5.708506e-05 7.507128e+02 3.009667e+02 8.310587e+02
-5.329469e-05 7.176846e+02 2.877254e+02 7.944956e+02
-5.035142e-05 7.057596e+02 2.829446e+02 7.812943e+02
-4.779577e-05 7.101181e+02 2.846919e+02 7.861192e+02
-4.560055e-05 6.987846e+02 2.801482e+02 7.735727e+02
-4.462064e-05 7.101078e+02 2.846878e+02 7.861079e+02
-4.477359e-05 7.219676e+02 2.894425e+02 7.992369e+02
-4.567131e-05 7.470678e+02 2.995053e+02 8.270235e+02
-4.766374e-05 7.388260e+02 2.962011e+02 8.178996e+02
-4.991977e-05 6.830357e+02 2.738344e+02 7.561383e+02
-5.164984e-05 6.734484e+02 2.699908e+02 7.455250e+02
-5.340825e-05 6.508793e+02 2.609426e+02 7.205403e+02
-5.545596e-05 6.505162e+02 2.607971e+02 7.201384e+02
-5.684934e-05 6.807559e+02 2.729204e+02 7.536146e+02
-5.747092e-05 6.706054e+02 2.688510e+02 7.423776e+02
-5.856296e-05 7.128300e+02 2.857791e+02 7.891214e+02
-5.957164e-05 7.074726e+02 2.836313e+02 7.831906e+02
-5.999441e-05 7.147059e+02 2.865312e+02 7.911980e+02
-6.054591e-05 7.286323e+02 2.921144e+02 8.066149e+02
-6.104749e-05 7.474947e+02 2.996765e+02 8.274961e+02
-6.256283e-05 7.672928e+02 3.076137e+02 8.494132e+02
-6.506373e-05 7.790068e+02 3.123099e+02 8.623808e+02
-6.934376e-05 7.345262e+02 2.944773e+02 8.131396e+02
-7.545902e-05 6.922946e+02 2.775463e+02 7.663882e+02
-8.208057e-05 7.291965e+02 2.923406e+02 8.072395e+02
-9.040386e-05 7.481248e+02 2.999291e+02 8.281936e+02
-1.035289e-04 7.489775e+02 3.002710e+02 8.291376e+02
-1.211808e-04 7.651822e+02 3.067676e+02 8.470766e+02
-1.349420e-04 7.264452e+02 2.912376e+02 8.041938e+02
-1.428253e-04 7.265706e+02 2.912878e+02 8.043326e+02
-1.526901e-04 7.117713e+02 2.853547e+02 7.879493e+02
-1.651604e-04 6.985582e+02 2.800575e+02 7.733221e+02
-1.726876e-04 6.855166e+02 2.748290e+02 7.588847e+02
-1.797093e-04 6.473756e+02 2.595379e+02 7.166616e+02
-1.878611e-04 6.493064e+02 2.603120e+02 7.187991e+02
-1.954851e-04 6.370016e+02 2.553789e+02 7.051773e+02
-2.057663e-04 6.263139e+02 2.510942e+02 6.933458e+02
-2.167262e-04 6.234942e+02 2.499637e+02 6.902243e+02
-2.249602e-04 6.354343e+02 2.547506e+02 7.034423e+02
-2.253737e-04 6.512992e+02 2.611110e+02 7.210052e+02
-2.177152e-04 6.512636e+02 2.610967e+02 7.209657e+02
-2.086193e-04 6.767380e+02 2.713096e+02 7.491666e+02
-1.996731e-04 6.920625e+02 2.774533e+02 7.661313e+02
-1.881538e-04 7.115633e+02 2.852713e+02 7.877191e+02
-1.777418e-04 7.012932e+02 2.811539e+02 7.763498e+02
-1.743921e-04 7.085116e+02 2.840478e+02 7.843408e+02
-1.736659e-04 7.108912e+02 2.850019e+02 7.869751e+02
-1.721607e-04 7.071256e+02 2.834922e+02 7.828064e+02
-1.746696e-04 7.210795e+02 2.890864e+02 7.982538e+02
-1.808547e-04 7.245770e+02 2.904886e+02 8.021256e+02
-1.820733e-04 7.310107e+02 2.930679e+02 8.092479e+02
-1.750241e-04 6.944148e+02 2.783964e+02 7.687353e+02
-1.683686e-04 7.040276e+02 2.822502e+02 7.793769e+02
-1.686803e-04 6.696695e+02 2.684758e+02 7.413416e+02
-1.739385e-04 6.511575e+02 2.610541e+02 7.208483e+02
-1.853496e-04 6.863732e+02 2.751724e+02 7.598330e+02
-2.037222e-04 6.724947e+02 2.696084e+02 7.444691e+02
-2.272274e-04 7.250212e+02 2.906667e+02 8.026173e+02
-2.614178e-04 6.944648e+02 2.784164e+02 7.687906e+02
-3.166621e-04 7.088605e+02 2.841878e+02 7.847271e+02
-3.857216e-04 7.090586e+02 2.842672e+02 7.849464e+02
-4.500085e-04 7.357389e+02 2.949635e+02 8.144821e+02
-5.252182e-04 7.546180e+02 3.025323e+02 8.353818e+02
-6.270647e-04 7.630346e+02 3.059065e+02 8.446991e+02
-7.542404e-04 7.449787e+02 2.986678e+02 8.247109e+02
-8.626031e-04 7.035731e+02 2.820680e+02 7.788737e+02
-9.465565e-04 6.674444e+02 2.675837e+02 7.388783e+02
-9.641360e-04 7.212341e+02 2.891484e+02 7.984249e+02
-8.589439e-04 7.188051e+02 2.881746e+02 7.957360e+02
-7.161415e-04 7.771004e+02 3.115456e+02 8.602703e+02
-6.166798e-04 8.059814e+02 3.231243e+02 8.922424e+02
-5.635893e-04 7.723237e+02 3.096306e+02 8.549825e+02
-5.175609e-04 7.550039e+02 3.026870e+02 8.358089e+02
-4.802875e-04 8.023832e+02 3.216817e+02 8.882591e+02
-4.808419e-04 7.870964e+02 3.155531e+02 8.713362e+02
-5.089871e-04 8.303344e+02 3.328876e+02 9.192018e+02
-5.313333e-04 8.134999e+02 3.261385e+02 9.005656e+02
-5.745985e-04 8.371611e+02 3.356245e+02 9.267591e+02
-6.237280e-04 8.559930e+02 3.431743e+02 9.476065e+02
-6.524377e-04 8.236821e+02 3.302206e+02 9.118376e+02
-6.549641e-04 7.663040e+02 3.072173e+02 8.483185e+02
-6.715767e-04 7.764251e+02 3.112749e+02 8.595228e+02
-6.946968e-04 8.133173e+02 3.260653e+02 9.003634e+02
-6.942421e-04 7.662442e+02 3.071933e+02 8.482523e+02
-7.310608e-04 7.448343e+02 2.986099e+02 8.245509e+02
-7.594647e-04 7.526822e+02 3.017562e+02 8.332388e+02
-7.714239e-04 7.415416e+02 2.972898e+02 8.209058e+02
-8.140921e-04 7.283440e+02 2.919988e+02 8.062957e+02
-8.997893e-04 6.915442e+02 2.772455e+02 7.655575e+02
-1.016028e-03 6.940496e+02 2.782499e+02 7.683309e+02
-1.169136e-03 6.712769e+02 2.691202e+02 7.431210e+02
-1.365530e-03 6.565141e+02 2.632017e+02 7.267783e+02
-1.524925e-03 6.595592e+02 2.644225e+02 7.301492e+02
-1.606714e-03 7.011786e+02 2.811080e+02 7.762230e+02
-1.675926e-03 6.875064e+02 2.756267e+02 7.610875e+02
-1.690316e-03 7.198574e+02 2.885965e+02 7.969009e+02
-1.575043e-03 7.090189e+02 2.842512e+02 7.849024e+02
-1.353786e-03 7.265488e+02 2.912791e+02 8.043084e+02
-1.210874e-03 7.158343e+02 2.869836e+02 7.924472e+02
-1.105038e-03 7.071544e+02 2.835038e+02 7.828384e+02
-9.782989e-04 7.449673e+02 2.986632e+02 8.246982e+02
-8.934661e-04 7.045748e+02 2.824696e+02 7.799826e+02
-7.999827e-04 7.098661e+02 2.845909e+02 7.858402e+02
-7.059073e-04 7.161025e+02 2.870911e+02 7.927441e+02
-6.334165e-04 7.063972e+02 2.832002e+02 7.820000e+02
-5.907449e-04 7.363932e+02 2.952258e+02 8.152065e+02
-5.835871e-04 7.156202e+02 2.868977e+02 7.922102e+02
-6.050205e-04 7.260793e+02 2.910909e+02 8.037887e+02
-6.494803e-04 7.119335e+02 2.854197e+02 7.881289e+02
-6.813391e-04 7.120587e+02 2.854699e+02 7.882675e+02
-7.015086e-04 7.180247e+02 2.878617e+02 7.948721e+02
-7.489796e-04 7.038971e+02 2.821979e+02 7.792324e+02
-8.076244e-04 7.155699e+02 2.868776e+02 7.921545e+02
-9.106730e-04 6.877436e+02 2.757218e+02 7.613501e+02
-1.108763e-03 7.101926e+02 2.847218e+02 7.862017e+02
-1.410098e-03 7.113347e+02 2.851797e+02 7.874661e+02
-1.881225e-03 7.481786e+02 2.999507e+02 8.282532e+02
-2.591965e-03 7.637002e+02 3.061734e+02 8.454361e+02
-3.571004e-03 8.042560e+02 3.224325e+02 8.903323e+02
-5.026691e-03 7.954770e+02 3.189130e+02 8.806138e+02
-7.167898e-03 8.077724e+02 3.238423e+02 8.942251e+02
-9.411185e-03 7.952928e+02 3.188391e+02 8.804099e+02
-1.177177e-02 7.994664e+02 3.205124e+02 8.850302e+02
-1.499752e-02 8.009285e+02 3.210985e+02 8.866487e+02
-1.895386e-02 7.828469e+02 3.138495e+02 8.666319e+02
-2.368610e-02 7.702429e+02 3.087964e+02 8.526789e+02
-3.040049e-02 7.448358e+02 2.986105e+02 8.245527e+02
-3.899832e-02 7.778543e+02 3.118479e+02 8.611050e+02
-4.706009e-02 7.890414e+02 3.163329e+02 8.734894e+02
-5.341907e-02 7.507492e+02 3.009812e+02 8.310989e+02
-6.267547e-02 7.517633e+02 3.013878e+02 8.322215e+02
-7.179428e-02 7.731199e+02 3.099499e+02 8.558639e+02
-7.155085e-02 7.317195e+02 2.933521e+02 8.100325e+02
-6.129126e-02 7.470572e+02 2.995011e+02 8.270117e+02
-4.878129e-02 7.464669e+02 2.992644e+02 8.263583e+02
-4.610938e-02 7.316575e+02 2.933273e+02 8.099640e+02
-5.260456e-02 7.057224e+02 2.829296e+02 7.812530e+02
-6.056150e-02 7.036162e+02 2.820852e+02 7.789214e+02
-6.396682e-02 6.902236e+02 2.767161e+02 7.640955e+02
-7.719968e-02 6.876393e+02 2.756800e+02 7.612346e+02
-1.105484e-01 6.713485e+02 2.691489e+02 7.432003e+02
-1.629838e-01 7.203915e+02 2.888106e+02 7.974921e+02
-2.457100e-01 7.430723e+02 2.979035e+02 8.226004e+02
-3.809359e-01 7.653626e+02 3.068399e+02 8.472763e+02
-5.903405e-01 7.614733e+02 3.052806e+02 8.429708e+02
-8.546590e-01 7.524361e+02 3.016575e+02 8.329664e+02
-8.271337e-01 7.590799e+02 3.043211e+02 8.403213e+02
4.965704e+00 7.410995e+02 2.971126e+02 8.204164e+02
-7.457315e-01 7.531409e+02 3.019401e+02 8.337466e+02
-2.509297e-01 7.337093e+02 2.941498e+02 8.122353e+02
-9.109500e-02 7.276259e+02 2.917109e+02 8.055008e+02
-4.145059e-02 7.246930e+02 2.905351e+02 8.022540e+02
-2.338237e-02 7.280590e+02 2.918846e+02 8.059803e+02
-1.353915e-02 7.254506e+02 2.908389e+02 8.030927e+02
-7.863639e-03 7.174546e+02 2.876332e+02 7.942410e+02
-4.784347e-03 6.954953e+02 2.788295e+02 7.699314e+02
-3.209070e-03 7.108103e+02 2.849694e+02 7.868855e+02
-2.381803e-03 7.403690e+02 2.968198e+02 8.196078e+02
-1.792525e-03 7.253214e+02 2.907870e+02 8.029496e+02
-1.396006e-03 7.326792e+02 2.937368e+02 8.110949e+02
-1.194978e-03 7.603391e+02 3.048259e+02 8.417152e+02
-1.067401e-03 7.742397e+02 3.103988e+02 8.571035e+02
-9.860351e-04 7.456382e+02 2.989322e+02 8.254409e+02
-9.510872e-04 7.586436e+02 3.041462e+02 8.398382e+02
-9.583314e-04 7.684179e+02 3.080648e+02 8.506586e+02
-9.687169e-04 7.859417e+02 3.150902e+02 8.700579e+02
-9.650394e-04 7.814132e+02 3.132747e+02 8.650447e+02
-9.160405e-04 8.282098e+02 3.320358e+02 9.168498e+02
-8.493907e-04 8.021566e+02 3.215909e+02 8.880082e+02
-8.001851e-04 7.780574e+02 3.119293e+02 8.613298e+02
-7.295384e-04 7.955204e+02 3.189304e+02 8.806618e+02
-6.513884e-04 8.379043e+02 3.359224e+02 9.275819e+02
-5.851517e-04 8.142675e+02 3.264462e+02 9.014153e+02
-5.459643e-04 7.591552e+02 3.043513e+02 8.404046e+02
-5.216247e-04 8.038315e+02 3.222624e+02 8.898624e+02
-5.028684e-04 8.118840e+02 3.254907e+02 8.987767e+02
-4.905125e-04 8.016158e+02 3.213741e+02 8.874096e+02
-4.784042e-04 7.578209e+02 3.038163e+02 8.389275e+02
-4.779181e-04 7.767859e+02 3.114196e+02 8.599222e+02
-5.000184e-04 7.779606e+02 3.118905e+02 8.612227e+02
-5.453012e-04 7.481511e+02 2.999396e+02 8.282227e+02
-6.178270e-04 7.224874e+02 2.896509e+02 7.998124e+02
-7.304285e-04 7.341646e+02 2.943324e+02 8.127394e+02
-8.485775e-04 7.614750e+02 3.052813e+02 8.429727e+02
-9.432918e-04 7.398769e+02 2.966225e+02 8.190630e+02
-1.002921e-03 7.758635e+02 3.110498e+02 8.589011e+02
-1.000641e-03 7.633637e+02 3.060385e+02 8.450635e+02
-9.603118e-04 8.038254e+02 3.222599e+02 8.898557e+02
-8.938182e-04 8.525910e+02 3.418104e+02 9.438405e+02
-8.705779e-04 8.212932e+02 3.292629e+02 9.091929e+02
-8.911084e-04 8.591428e+02 3.444371e+02 9.510935e+02
-8.803544e-04 8.407898e+02 3.370792e+02 9.307762e+02
-8.276270e-04 7.904304e+02 3.168897e+02 8.750270e+02
-7.541532e-04 7.850414e+02 3.147292e+02 8.690612e+02
-6.733682e-04 7.811192e+02 3.131568e+02 8.647193e+02
-6.136132e-04 8.113120e+02 3.252613e+02 8.981435e+02
-5.876424e-04 8.091954e+02 3.244128e+02 8.958004e+02
-5.636215e-04 8.487579e+02 3.402737e+02 9.395971e+02
-5.179071e-04 8.172869e+02 3.276567e+02 9.047579e+02
-4.459121e-04 7.744153e+02 3.104692e+02 8.572979e+02
-3.746578e-04 8.290408e+02 3.323690e+02 9.177698e+02
-3.212084e-04 7.995884e+02 3.205613e+02 8.851652e+02
-2.805666e-04 7.854640e+02 3.148987e+02 8.695291e+02
-2.520368e-04 7.431280e+02 2.979258e+02 8.226620e+02
-2.387928e-04 7.737687e+02 3.102099e+02 8.565821e+02
-2.327390e-04 7.767238e+02 3.113947e+02 8.598534e+02
-2.239540e-04 7.492738e+02 3.003897e+02 8.294656e+02
-2.115733e-04 7.401745e+02 2.967417e+02 8.193924e+02
-1.996957e-04 7.424091e+02 2.976376e+02 8.218662e+02
-1.948904e-04 7.223829e+02 2.896090e+02 7.996966e+02
-1.977007e-04 7.245936e+02 2.904953e+02 8.021440e+02
-2.001834e-04 7.014446e+02 2.812147e+02 7.765175e+02
-2.016507e-04 6.922872e+02 2.775434e+02 7.663800e+02
-2.013287e-04 6.818914e+02 2.733756e+02 7.548715e+02
-1.954992e-04 7.349966e+02 2.946659e+02 8.136604e+02
-1.887923e-04 7.428938e+02 2.978320e+02 8.224028e+02
-1.824783e-04 7.737862e+02 3.102170e+02 8.566015e+02
-1.730848e-04 7.407348e+02 2.969664e+02 8.200127e+02
-1.587702e-04 7.404158e+02 2.968385e+02 8.196595e+02
-1.447745e-04 7.479625e+02 2.998640e+02 8.280140e+02
-1.350717e-04 7.483945e+02 3.000372e+02 8.284922e+02
-1.285911e-04 7.482178e+02 2.999664e+02 8.282965e+02
-1.241564e-04 7.701302e+02 3.087512e+02 8.525542e+02
-1.231604e-04 7.872962e+02 3.156332e+02 8.715573e+02
-1.289993e-04 7.609722e+02 3.050797e+02 8.424160e+02
-1.369291e-04 7.932488e+02 3.180197e+02 8.781471e+02
-1.401460e-04 7.797881e+02 3.126232e+02 8.632457e+02
-1.386356e-04 7.572790e+02 3.035991e+02 8.383275e+02
-1.365118e-04 7.697282e+02 3.085901e+02 8.521092e+02
-1.374108e-04 7.898525e+02 3.166581e+02 8.743873e+02
-1.352926e-04 8.029895e+02 3.219248e+02 8.889303e+02
-1.281227e-04 7.930612e+02 3.179444e+02 8.779394e+02
-1.165793e-04 8.455023e+02 3.389685e+02 9.359930e+02
-1.035039e-04 8.659989e+02 3.471858e+02 9.586834e+02
-9.259941e-05 8.215547e+02 3.293677e+02 9.094824e+02
-8.478967e-05 7.875199e+02 3.157229e+02 8.718050e+02
-8.096623e-05 7.409342e+02 2.970463e+02 8.202334e+02
-7.898407e-05 7.232762e+02 2.899671e+02 8.006856e+02
-7.775800e-05 6.976602e+02 2.796975e+02 7.723280e+02
-7.706467e-05 7.287534e+02 2.921629e+02 8.067490e+02
-7.716394e-05 7.173888e+02 2.876068e+02 7.941681e+02
-7.830900e-05 7.097339e+02 2.845379e+02 7.856940e+02
-8.100376e-05 6.906551e+02 2.768891e+02 7.645732e+02
-8.508063e-05 7.445897e+02 2.985119e+02 8.242802e+02
-8.881788e-05 7.297909e+02 2.925789e+02 8.078975e+02
-9.311029e-05 7.289074e+02 2.922247e+02 8.069195e+02
-9.704122e-05 7.322628e+02 2.935699e+02 8.106340e+02
-1.002206e-04 7.379901e+02 2.958660e+02 8.169743e+02
-1.022537e-04 7.444092e+02 2.984395e+02 8.240804e+02
-1.030694e-04 7.427966e+02 2.977930e+02 8.222952e+02
-1.037411e-04 7.120659e+02 2.854728e+02 7.882755e+02
-1.045919e-04 7.256093e+02 2.909025e+02 8.032684e+02
-1.055887e-04 7.150975e+02 2.866882e+02 7.916316e+02
-1.056022e-04 6.902645e+02 2.767325e+02 7.641408e+02
-1.047590e-04 6.361519e+02 2.550383e+02 7.042367e+02
-1.017903e-04 6.639149e+02 2.661687e+02 7.349711e+02
-1.002061e-04 6.982383e+02 2.799292e+02 7.729680e+02
