#E_pot  E_kin  T  P
-3.718043e-05 7.295813e+02 2.924949e+02 8.076654e+02
-3.579152e-05 7.582346e+02 3.039822e+02 8.393855e+02
-3.425023e-05 7.395355e+02 2.964856e+02 8.186851e+02
-3.273423e-05 7.085285e+02 2.840546e+02 7.843595e+02
-3.128467e-05 6.956585e+02 2.788950e+02 7.701121e+02
-2.977807e-05 7.063118e+02 2.831660e+02 7.819056e+02
-2.800504e-05 7.059692e+02 2.830286e+02 7.815263e+02
-2.637150e-05 6.656545e+02 2.668661e+02 7.368968e+02
-2.498520e-05 6.693414e+02 2.683442e+02 7.409783e+02
-2.390113e-05 7.085194e+02 2.840510e+02 7.843495e+02
-2.301344e-05 6.904608e+02 2.768112e+02 7.643581e+02
-2.217353e-05 6.870250e+02 2.754337e+02 7.605546e+02
-2.144073e-05 6.667607e+02 2.673096e+02 7.381215e+02
-2.086275e-05 6.576242e+02 2.636467e+02 7.280071e+02
-2.040907e-05 6.432390e+02 2.578795e+02 7.120823e+02
-2.004700e-05 6.526684e+02 2.616599e+02 7.225209e+02
-1.975952e-05 6.810654e+02 2.730445e+02 7.539571e+02
-1.957985e-05 7.286194e+02 2.921093e+02 8.066007e+02
-1.952927e-05 7.229698e+02 2.898443e+02 8.003464e+02
-1.953385e-05 7.274885e+02 2.916559e+02 8.053487e+02
-1.944604e-05 7.402363e+02 2.967665e+02 8.194608e+02
-1.942144e-05 7.742811e+02 3.104154e+02 8.571494e+02
-1.959576e-05 7.639707e+02 3.062818e+02 8.457354e+02
-1.991954e-05 7.920466e+02 3.175377e+02 8.768162e+02
-2.041189e-05 7.594850e+02 3.044835e+02 8.407697e+02
-2.099437e-05 7.791308e+02 3.123597e+02 8.625181e+02
-2.163320e-05 7.479762e+02 2.998695e+02 8.280291e+02
-2.235860e-05 6.930824e+02 2.778622e+02 7.672603e+02
-2.313458e-05 7.023856e+02 2.815919e+02 7.775591e+02
-2.395773e-05 7.405721e+02 2.969012e+02 8.198327e+02
-2.490751e-05 7.436826e+02 2.981482e+02 8.232760e+02
-2.590599e-05 7.048281e+02 2.825711e+02 7.802631e+02
-2.689936e-05 7.022426e+02 2.815346e+02 7.774008e+02
-2.807405e-05 6.778650e+02 2.717614e+02 7.504142e+02
-2.947950e-05 7.097771e+02 2.845552e+02 7.857418e+02
-3.082181e-05 7.145043e+02 2.864504e+02 7.909749e+02
-3.224756e-05 7.145507e+02 2.864690e+02 7.910263e+02
-3.433670e-05 7.173430e+02 2.875884e+02 7.941173e+02
-3.718588e-05 7.063952e+02 2.831994e+02 7.819979e+02
-4.051449e-05 7.178197e+02 2.877796e+02 7.946451e+02
-4.394623e-05 7.128860e+02 2.858016e+02 7.891834e+02
-4.728542e-05 6.943840e+02 2.783840e+02 7.687012e+02
-5.106148e-05 7.351711e+02 2.947359e+02 8.138536e+02
-5.530738e-05 7.015320e+02 2.812497e+02 7.766142e+02
-5.904540e-05 7.466383e+02 2.993331e+02 8.265480e+02
-6.266980e-05 7.256268e+02 2.909095e+02 8.032878e+02
-6.736312e-05 7.320402e+02 2.934807e+02 8.103876e+02
-7.340191e-05 7.822366e+02 3.136048e+02 8.659563e+02
-7.977750e-05 7.628820e+02 3.058454e+02 8.445302e+02
-8.405366e-05 7.283886e+02 2.920167e+02 8.063451e+02
-8.732666e-05 7.601869e+02 3.047649e+02 8.415467e+02
-8.949187e-05 7.948239e+02 3.186512e+02 8.798908e+02
-8.994038e-05 8.041122e+02 3.223749e+02 8.901731e+02
-9.156946e-05 7.845404e+02 3.145284e+02 8.685067e+02
-9.369603e-05 7.908144e+02 3.170437e+02 8.754522e+02
-9.541876e-05 7.760115e+02 3.111091e+02 8.590650e+02
-9.621051e-05 7.593038e+02 3.044108e+02 8.405691e+02
-9.602941e-05 7.740465e+02 3.103213e+02 8.568896e+02
-9.655476e-05 7.652091e+02 3.067783e+02 8.471064e+02
-9.703481e-05 7.680856e+02 3.079315e+02 8.502907e+02
-9.720748e-05 7.454798e+02 2.988687e+02 8.252656e+02
-9.796936e-05 7.378996e+02 2.958297e+02 8.168741e+02
-9.862780e-05 7.217012e+02 2.893357e+02 7.989421e+02
-9.958496e-05 6.915399e+02 2.772438e+02 7.655527e+02
-1.004628e-04 6.993185e+02 2.803623e+02 7.741638e+02
-1.000382e-04 7.387556e+02 2.961729e+02 8.178217e+02
-9.856768e-05 7.632605e+02 3.059971e+02 8.449493e+02
-9.681297e-05 7.141630e+02 2.863136e+02 7.905970e+02
-9.662763e-05 7.225230e+02 2.896651e+02 7.998518e+02
-9.928631e-05 7.386054e+02 2.961127e+02 8.176554e+02
-1.018796e-04 7.592437e+02 3.043868e+02 8.405026e+02
-1.015993e-04 7.269173e+02 2.914268e+02 8.047164e+02
-9.993496e-05 7.513844e+02 3.012359e+02 8.318021e+02
-9.672218e-05 7.425919e+02 2.977109e+02 8.220686e+02
-9.356513e-05 7.417976e+02 2.973925e+02 8.211893e+02
-9.084231e-05 7.175457e+02 2.876697e+02 7.943418e+02
-8.801737e-05 7.084360e+02 2.840176e+02 7.842571e+02
-8.662120e-05 7.104709e+02 2.848334e+02 7.865098e+02
-8.615517e-05 7.660864e+02 3.071301e+02 8.480776e+02
-8.602942e-05 7.362903e+02 2.951846e+02 8.150925e+02
-8.525132e-05 7.682573e+02 3.080004e+02 8.504808e+02
-8.395735e-05 7.828453e+02 3.138488e+02 8.666301e+02
-8.365612e-05 7.851263e+02 3.147633e+02 8.691552e+02
-8.334993e-05 7.637837e+02 3.062069e+02 8.455284e+02
-8.269665e-05 7.844339e+02 3.144857e+02 8.683887e+02
-8.293725e-05 7.760529e+02 3.111257e+02 8.591108e+02
-8.472945e-05 7.366035e+02 2.953101e+02 8.154393e+02
-8.626596e-05 7.735601e+02 3.101263e+02 8.563512e+02
-8.657558e-05 7.764672e+02 3.112918e+02 8.595695e+02
-8.751813e-05 8.078442e+02 3.238711e+02 8.943046e+02
-8.924716e-05 7.775836e+02 3.117394e+02 8.608053e+02
-9.154414e-05 7.364184e+02 2.952359e+02 8.152343e+02
-9.478753e-05 7.318032e+02 2.933856e+02 8.101252e+02
-9.863829e-05 7.115147e+02 2.852518e+02 7.876653e+02
-1.013902e-04 7.095524e+02 2.844651e+02 7.854930e+02
-1.034446e-04 7.235605e+02 2.900811e+02 8.010003e+02
-1.044693e-04 7.530867e+02 3.019184e+02 8.336866e+02
-1.039977e-04 7.095104e+02 2.844483e+02 7.854465e+02
-1.042209e-04 7.167183e+02 2.873380e+02 7.934258e+02
-1.053958e-04 6.869443e+02 2.754014e+02 7.604653e+02
-1.067347e-04 6.734243e+02 2.699811e+02 7.454982e+02
-1.081050e-04 6.765618e+02 2.712389e+02 7.489715e+02
-1.110543e-04 7.517846e+02 3.013963e+02 8.322451e+02
-1.140479e-04 7.573401e+02 3.036236e+02 8.383952e+02
-1.147068e-04 7.305623e+02 2.928882e+02 8.087515e+02
-1.136075e-04 6.727994e+02 2.697306e+02 7.448065e+02
-1.108289e-04 7.168635e+02 2.873962e+02 7.935865e+02
-1.073287e-04 6.991912e+02 2.803112e+02 7.740228e+02
-1.029744e-04 7.168712e+02 2.873993e+02 7.935951e+02
-9.774950e-05 7.145126e+02 2.864537e+02 7.909841e+02
-9.442338e-05 7.191953e+02 2.883310e+02 7.961679e+02
-9.347290e-05 7.564182e+02 3.032540e+02 8.373746e+02
-9.394709e-05 7.635458e+02 3.061115e+02 8.452651e+02
-9.579224e-05 7.515872e+02 3.013172e+02 8.320266e+02
-9.821442e-05 7.499807e+02 3.006731e+02 8.302481e+02
-1.009864e-04 7.810156e+02 3.131153e+02 8.646046e+02
-1.055821e-04 7.489241e+02 3.002496e+02 8.290785e+02
-1.141591e-04 7.583895e+02 3.040443e+02 8.395569e+02
-1.269114e-04 7.552950e+02 3.028037e+02 8.361313e+02
-1.500300e-04 7.758090e+02 3.110279e+02 8.588407e+02
-1.953979e-04 7.803713e+02 3.128570e+02 8.638913e+02
-2.669073e-04 7.749097e+02 3.106674e+02 8.578452e+02
-3.783639e-04 7.953958e+02 3.188804e+02 8.805238e+02
-5.467025e-04 7.947186e+02 3.186089e+02 8.797742e+02
-7.682842e-04 7.864294e+02 3.152857e+02 8.705979e+02
-1.075808e-03 7.855030e+02 3.149143e+02 8.695722e+02
-1.454264e-03 7.661191e+02 3.071432e+02 8.481138e+02
-1.890201e-03 7.400710e+02 2.967003e+02 8.192778e+02
-2.513264e-03 7.487369e+02 3.001745e+02 8.288713e+02
-3.223799e-03 7.141279e+02 2.862995e+02 7.905581e+02
-4.132619e-03 6.756388e+02 2.708689e+02 7.479497e+02
-5.319373e-03 6.564673e+02 2.631829e+02 7.267264e+02
-5.890335e-03 6.561648e+02 2.630616e+02 7.263916e+02
-5.550417e-03 6.891266e+02 2.762763e+02 7.628811e+02
-4.753960e-03 6.766412e+02 2.712708e+02 7.490594e+02
-3.884872e-03 6.777927e+02 2.717324e+02 7.503341e+02
-2.912035e-03 6.753144e+02 2.707389e+02 7.475906e+02
-2.221761e-03 7.085612e+02 2.840678e+02 7.843957e+02
-1.909794e-03 7.370737e+02 2.954986e+02 8.159598e+02
-1.858039e-03 7.345655e+02 2.944931e+02 8.131832e+02
-2.018322e-03 7.102300e+02 2.847368e+02 7.862431e+02
-2.124846e-03 6.893577e+02 2.763689e+02 7.631369e+02
-2.072144e-03 7.408480e+02 2.970118e+02 8.201380e+02
-1.796248e-03 7.633289e+02 3.060245e+02 8.450250e+02
-1.526860e-03 7.626187e+02 3.057398e+02 8.442388e+02
-1.469833e-03 7.474272e+02 2.996494e+02 8.274214e+02
-1.468749e-03 7.336312e+02 2.941185e+02 8.121489e+02
-1.443536e-03 7.182654e+02 2.879582e+02 7.951385e+02
-1.480070e-03 6.879678e+02 2.758117e+02 7.615983e+02
-1.601163e-03 7.129485e+02 2.858267e+02 7.892526e+02
-1.735059e-03 7.305254e+02 2.928734e+02 8.087106e+02
-1.979511e-03 7.505026e+02 3.008824e+02 8.308259e+02
-2.320159e-03 7.407069e+02 2.969552e+02 8.199819e+02
-2.815743e-03 7.063961e+02 2.831997e+02 7.819988e+02
-3.675764e-03 7.273067e+02 2.915830e+02 8.051474e+02
-4.575620e-03 7.120651e+02 2.854725e+02 7.882746e+02
-5.258017e-03 7.225350e+02 2.896699e+02 7.998650e+02
-6.201617e-03 7.163411e+02 2.871868e+02 7.930083e+02
-7.860689e-03 7.294137e+02 2.924277e+02 8.074800e+02
-1.037435e-02 7.190604e+02 2.882769e+02 7.960186e+02
-1.447733e-02 7.299882e+02 2.926580e+02 8.081160e+02
-1.943516e-02 7.720472e+02 3.095198e+02 8.546764e+02
-2.394997e-02 7.636152e+02 3.061393e+02 8.453419e+02
-2.674038e-02 7.413722e+02 2.972219e+02 8.207183e+02
-2.702239e-02 7.373085e+02 2.955928e+02 8.162197e+02
-2.462350e-02 7.450268e+02 2.986871e+02 8.247640e+02
-2.016108e-02 6.979478e+02 2.798128e+02 7.726464e+02
-1.611732e-02 7.016621e+02 2.813019e+02 7.767583e+02
-1.410846e-02 7.039230e+02 2.822083e+02 7.792611e+02
-1.389677e-02 6.924692e+02 2.776163e+02 7.665814e+02
-1.486356e-02 7.245711e+02 2.904862e+02 8.021191e+02
-1.681231e-02 7.537104e+02 3.021684e+02 8.343771e+02
-1.975617e-02 7.256075e+02 2.909017e+02 8.032663e+02
-2.502728e-02 7.220588e+02 2.894790e+02 7.993379e+02
-3.121985e-02 6.844614e+02 2.744059e+02 7.577165e+02
-3.645882e-02 6.952311e+02 2.787236e+02 7.696389e+02
-4.113148e-02 7.269573e+02 2.914429e+02 8.047607e+02
-4.638221e-02 7.721534e+02 3.095624e+02 8.547940e+02
-6.028781e-02 7.348314e+02 2.945997e+02 8.134775e+02
-8.715799e-02 7.097837e+02 2.845579e+02 7.857490e+02
-1.215706e-01 6.620176e+02 2.654081e+02 7.328708e+02
-1.784076e-01 6.942497e+02 2.783301e+02 7.685525e+02
-2.817633e-01 6.815920e+02 2.732556e+02 7.545401e+02
-3.945388e-01 6.904085e+02 2.767902e+02 7.643001e+02
-4.864639e-01 6.699141e+02 2.685738e+02 7.416124e+02
-5.937449e-01 6.709870e+02 2.690040e+02 7.428001e+02
-7.533883e-01 6.875595e+02 2.756480e+02 7.611463e+02
-9.348390e-01 7.189263e+02 2.882232e+02 7.958702e+02
-9.946178e-01 7.482072e+02 2.999621e+02 8.282848e+02
-4.166777e-01 7.404327e+02 2.968453e+02 8.196783e+02
1.861764e+00 7.500190e+02 3.006885e+02 8.302905e+02
-9.770905e-01 7.199507e+02 2.886339e+02 7.970042e+02
-8.016225e-01 6.866103e+02 2.752675e+02 7.600955e+02
-4.534171e-01 6.571644e+02 2.634624e+02 7.274981e+02
-2.292013e-01 6.933634e+02 2.779748e+02 7.675714e+02
-1.312000e-01 6.942761e+02 2.783407e+02 7.685817e+02
-7.830354e-02 7.151431e+02 2.867065e+02 7.916820e+02
-4.869913e-02 6.978738e+02 2.797831e+02 7.725645e+02
-3.532818e-02 7.289761e+02 2.922522e+02 8.069955e+02
-3.278109e-02 7.342194e+02 2.943543e+02 8.128000e+02
-3.513657e-02 7.009049e+02 2.809983e+02 7.759200e+02
-3.169772e-02 7.006737e+02 2.809056e+02 7.756640e+02
-2.589497e-02 6.918312e+02 2.773606e+02 7.658751e+02
-2.437716e-02 6.829827e+02 2.738131e+02 7.560796e+02
-2.551671e-02 6.872409e+02 2.755203e+02 7.607935e+02
-2.704425e-02 7.149014e+02 2.866096e+02 7.914144e+02
-2.606373e-02 7.339278e+02 2.942374e+02 8.124772e+02
-2.254177e-02 7.517555e+02 3.013847e+02 8.322129e+02
-1.860834e-02 7.242243e+02 2.903472e+02 8.017352e+02
-1.432596e-02 7.475322e+02 2.996915e+02 8.275376e+02
-1.136189e-02 7.394076e+02 2.964343e+02 8.185434e+02
-1.015681e-02 7.591143e+02 3.043349e+02 8.403593e+02
-9.295994e-03 8.192464e+02 3.284423e+02 9.069271e+02
-7.901076e-03 7.676970e+02 3.077758e+02 8.498606e+02
-6.686100e-03 8.012228e+02 3.212165e+02 8.869745e+02
-5.467117e-03 7.851965e+02 3.147914e+02 8.692329e+02
-4.397496e-03 8.006994e+02 3.210067e+02 8.863950e+02
-3.708372e-03 8.102049e+02 3.248175e+02 8.969179e+02
-3.197635e-03 7.856861e+02 3.149877e+02 8.697749e+02
-2.889692e-03 7.682481e+02 3.079967e+02 8.504706e+02
-2.713758e-03 8.025444e+02 3.217464e+02 8.884376e+02
-2.655246e-03 7.558439e+02 3.030238e+02 8.367389e+02
-2.642986e-03 7.691175e+02 3.083453e+02 8.514331e+02
-2.567497e-03 7.172282e+02 2.875424e+02 7.939902e+02
-2.569913e-03 6.887103e+02 2.761094e+02 7.624202e+02
-2.669780e-03 7.222955e+02 2.895740e+02 7.996000e+02
-2.860947e-03 7.412514e+02 2.971735e+02 8.205846e+02
-3.126246e-03 7.399997e+02 2.966717e+02 8.191989e+02
-3.331115e-03 7.303706e+02 2.928113e+02 8.085393e+02
-3.543531e-03 7.515245e+02 3.012921e+02 8.319572e+02
-4.019843e-03 7.423023e+02 2.975948e+02 8.217480e+02
-5.034775e-03 7.452856e+02 2.987908e+02 8.250506e+02
-6.471014e-03 7.889270e+02 3.162870e+02 8.733628e+02
-8.280173e-03 8.051414e+02 3.227875e+02 8.913125e+02
-1.101224e-02 7.819438e+02 3.134874e+02 8.656321e+02
-1.370470e-02 7.714412e+02 3.092768e+02 8.540055e+02
-1.426239e-02 7.240094e+02 2.902611e+02 8.014973e+02
-1.304517e-02 7.703119e+02 3.088241e+02 8.527553e+02
-1.249128e-02 7.528099e+02 3.018074e+02 8.333802e+02
-1.254375e-02 7.269331e+02 2.914332e+02 8.047339e+02
-1.185250e-02 7.785598e+02 3.121307e+02 8.618860e+02
-1.121060e-02 7.674208e+02 3.076650e+02 8.495549e+02
-9.978881e-03 7.266371e+02 2.913145e+02 8.044062e+02
-8.571737e-03 7.021841e+02 2.815111e+02 7.773360e+02
-7.223472e-03 7.029970e+02 2.818370e+02 7.782360e+02
-5.994441e-03 6.693626e+02 2.683527e+02 7.410018e+02
-5.444159e-03 6.448953e+02 2.585436e+02 7.139159e+02
-5.378636e-03 6.655402e+02 2.668203e+02 7.367704e+02
-5.980675e-03 6.649510e+02 2.665841e+02 7.361181e+02
-6.932634e-03 6.666532e+02 2.672665e+02 7.380024e+02
-8.073388e-03 6.903878e+02 2.767819e+02 7.642773e+02
-8.792471e-03 7.051229e+02 2.826893e+02 7.805894e+02
-8.402041e-03 6.956360e+02 2.788859e+02 7.700871e+02
-7.697025e-03 7.110551e+02 2.850676e+02 7.871566e+02
-7.129873e-03 7.031177e+02 2.818854e+02 7.783696e+02
-6.852348e-03 7.121331e+02 2.854998e+02 7.883499e+02
-7.126921e-03 7.139542e+02 2.862298e+02 7.903659e+02
-7.932075e-03 6.920493e+02 2.774480e+02 7.661166e+02
-8.701837e-03 6.540658e+02 2.622201e+02 7.240679e+02
-1.000400e-02 6.707523e+02 2.689098e+02 7.425402e+02
-1.123974e-02 6.693514e+02 2.683482e+02 7.409894e+02
-1.129062e-02 6.829654e+02 2.738062e+02 7.560605e+02
-1.055989e-02 6.786063e+02 2.720586e+02 7.512348e+02
-1.003196e-02 7.194482e+02 2.884324e+02 7.964479e+02
-1.066903e-02 7.126137e+02 2.856924e+02 7.888819e+02
-1.270718e-02 7.176750e+02 2.877216e+02 7.944850e+02
-1.556247e-02 7.103873e+02 2.847999e+02 7.864173e+02
-1.846427e-02 7.054944e+02 2.828382e+02 7.810006e+02
-2.045601e-02 7.450811e+02 2.987089e+02 8.248242e+02
-2.035394e-02 7.335290e+02 2.940775e+02 8.120357e+02
-2.075773e-02 6.931014e+02 2.778698e+02 7.672813e+02
-2.280878e-02 6.942244e+02 2.783200e+02 7.685245e+02
-2.466720e-02 7.082163e+02 2.839295e+02 7.840139e+02
-2.816845e-02 7.047483e+02 2.825391e+02 7.801747e+02
-3.439409e-02 7.185535e+02 2.880737e+02 7.954574e+02
-4.162263e-02 7.290721e+02 2.922907e+02 8.071018e+02
-4.678846e-02 7.467776e+02 2.993890e+02 8.267023e+02
-4.264788e-02 7.447600e+02 2.985801e+02 8.244687e+02
-3.102386e-02 7.486151e+02 3.001257e+02 8.287365e+02
-2.010050e-02 7.516641e+02 3.013480e+02 8.321117e+02
-1.237783e-02 7.429918e+02 2.978713e+02 8.225113e+02
-7.684543e-03 7.698498e+02 3.086388e+02 8.522438e+02
-4.906656e-03 7.507350e+02 3.009756e+02 8.310832e+02
-3.310429e-03 7.600394e+02 3.047057e+02 8.413834e+02
-2.440135e-03 7.266284e+02 2.913110e+02 8.043965e+02
-2.031940e-03 7.164051e+02 2.872124e+02 7.930791e+02
-1.764226e-03 7.692083e+02 3.083816e+02 8.515336e+02
-1.494226e-03 7.550600e+02 3.027095e+02 8.358711e+02
-1.209316e-03 7.599304e+02 3.046621e+02 8.412627e+02
-9.895108e-04 7.685453e+02 3.081158e+02 8.507996e+02
-9.182003e-04 8.039238e+02 3.222994e+02 8.899646e+02
-8.991597e-04 8.237144e+02 3.302336e+02 9.118733e+02
-8.972561e-04 7.852820e+02 3.148257e+02 8.693276e+02
-9.132187e-04 8.272391e+02 3.316467e+02 9.157753e+02
-9.064260e-04 7.867706e+02 3.154225e+02 8.709756e+02
-8.509179e-04 7.990680e+02 3.203526e+02 8.845891e+02
-7.347760e-04 7.690765e+02 3.083288e+02 8.513877e+02
-6.050591e-04 7.822942e+02 3.136279e+02 8.660201e+02
-5.101385e-04 7.591292e+02 3.043408e+02 8.403758e+02
-4.407811e-04 7.474524e+02 2.996595e+02 8.274493e+02
-3.695348e-04 7.569509e+02 3.034676e+02 8.379644e+02
-3.161919e-04 7.347657e+02 2.945733e+02 8.134048e+02
-2.776827e-04 7.422772e+02 2.975848e+02 8.217202e+02
-2.491057e-04 7.290090e+02 2.922654e+02 8.070320e+02
-2.449578e-04 7.059789e+02 2.830325e+02 7.815371e+02
-2.579832e-04 7.261188e+02 2.911067e+02 8.038324e+02
-2.799498e-04 7.115961e+02 2.852845e+02 7.877554e+02
-3.101765e-04 6.831126e+02 2.738652e+02 7.562235e+02
-3.366807e-04 6.783337e+02 2.719493e+02 7.509331e+02
-3.551090e-04 6.645459e+02 2.664217e+02 7.356697e+02
-3.710182e-04 6.592414e+02 2.642951e+02 7.297974e+02
-3.727656e-04 6.813382e+02 2.731538e+02 7.542591e+02
-3.546106e-04 7.015994e+02 2.812767e+02 7.766888e+02
-3.296560e-04 7.356411e+02 2.949243e+02 8.143738e+02
-3.037815e-04 7.453521e+02 2.988175e+02 8.251242e+02
-2.858303e-04 7.246619e+02 2.905227e+02 8.022196e+02
-2.728588e-04 7.084893e+02 2.840389e+02 7.843161e+02
-2.581381e-04 7.245532e+02 2.904791e+02 8.020992e+02
-2.469018e-04 7.359763e+02 2.950587e+02 8.147449e+02
-2.397780e-04 7.607933e+02 3.050080e+02 8.422180e+02
-2.397437e-04 7.091648e+02 2.843097e+02 7.850639e+02
-2.399620e-04 7.223385e+02 2.895912e+02 7.996476e+02
-2.359371e-04 7.050631e+02 2.826653e+02 7.805232e+02
-2.286526e-04 7.065927e+02 2.832786e+02 7.822166e+02
-2.165698e-04 6.943603e+02 2.783745e+02 7.686750e+02
-1.987087e-04 6.829503e+02 2.738001e+02 7.560438e+02
-1.768526e-04 7.020802e+02 2.814695e+02 7.772211e+02
-1.569255e-04 6.991222e+02 2.802836e+02 7.739465e+02
-1.400882e-04 6.757635e+02 2.709189e+02 7.480878e+02
-1.287789e-04 7.159517e+02 2.870306e+02 7.925771e+02
-1.234134e-04 7.138662e+02 2.861946e+02 7.902685e+02
-1.196110e-04 7.874386e+02 3.156903e+02 8.717150e+02
-1.188915e-04 8.231766e+02 3.300180e+02 9.112780e+02
-1.228466e-04 7.755232e+02 3.109133e+02 8.585244e+02
-1.272761e-04 7.984431e+02 3.201021e+02 8.838973e+02
-1.289747e-04 7.746067e+02 3.105459e+02 8.575098e+02
-1.310559e-04 8.064004e+02 3.232923e+02 8.927063e+02
-1.339192e-04 7.821036e+02 3.135515e+02 8.658090e+02
-1.356163e-04 8.030325e+02 3.219420e+02 8.889778e+02
-1.394930e-04 8.153210e+02 3.268686e+02 9.025816e+02
-1.438463e-04 7.989505e+02 3.203055e+02 8.844590e+02
-1.467061e-04 8.051993e+02 3.228107e+02 8.913766e+02
-1.521299e-04 7.693433e+02 3.084358e+02 8.516830e+02
-1.595820e-04 7.800744e+02 3.127380e+02 8.635627e+02
-1.679445e-04 7.624032e+02 3.056534e+02 8.440002e+02
-1.829484e-04 7.592560e+02 3.043917e+02 8.405162e+02
-2.049571e-04 7.802300e+02 3.128003e+02 8.637349e+02
-2.255429e-04 8.078451e+02 3.238714e+02 8.943055e+02
-2.470070e-04 8.609980e+02 3.451809e+02 9.531472e+02
-2.621838e-04 8.929711e+02 3.579991e+02 9.885423e+02
-2.669075e-04 8.588078e+02 3.443028e+02 9.507226e+02
-2.599314e-04 8.002015e+02 3.208071e+02 8.858439e+02
-2.480687e-04 8.262446e+02 3.312480e+02 9.146743e+02
-2.425335e-04 8.145645e+02 3.265653e+02 9.017441e+02
-2.476512e-04 8.056962e+02 3.230099e+02 8.919267e+02
-2.619994e-04 7.370967e+02 2.955079e+02 8.159852e+02
-2.750562e-04 6.945656e+02 2.784568e+02 7.689022e+02
-2.868500e-04 6.834673e+02 2.740074e+02 7.566161e+02
-2.983298e-04 6.926076e+02 2.776718e+02 7.667347e+02
-3.126331e-04 6.997200e+02 2.805232e+02 7.746083e+02
-3.267374e-04 7.225874e+02 2.896909e+02 7.999230e+02
-3.418766e-04 7.204477e+02 2.888331e+02 7.975543e+02
-3.607528e-04 7.052179e+02 2.827274e+02 7.806946e+02
-3.949044e-04 7.098906e+02 2.846007e+02 7.858674e+02
-4.393910e-04 7.137136e+02 2.861334e+02 7.900995e+02
-4.670773e-04 7.233999e+02 2.900167e+02 8.008226e+02
-4.854894e-04 7.327544e+02 2.937670e+02 8.111782e+02
-5.014548e-04 7.507685e+02 3.009890e+02 8.311202e+02
-5.467385e-04 7.570662e+02 3.035138e+02 8.380920e+02
-6.444895e-04 7.107043e+02 2.849269e+02 7.867682e+02
-7.619086e-04 7.591650e+02 3.043552e+02 8.404155e+02
-8.826103e-04 7.728037e+02 3.098231e+02 8.555138e+02
-9.488488e-04 7.504591e+02 3.008649e+02 8.307778e+02
-9.475159e-04 7.275242e+02 2.916702e+02 8.053883e+02
-9.514424e-04 6.727322e+02 2.697036e+02 7.447320e+02
-9.905924e-04 7.114480e+02 2.852251e+02 7.875915e+02
-1.042394e-03 7.163610e+02 2.871948e+02 7.930303e+02
-1.092131e-03 7.272163e+02 2.915467e+02 8.050474e+02
-1.125552e-03 7.418400e+02 2.974095e+02 8.212362e+02
-1.132447e-03 7.327947e+02 2.937831e+02 8.112228e+02
-1.073522e-03 7.489039e+02 3.002414e+02 8.290561e+02
-9.461995e-04 7.380504e+02 2.958902e+02 8.170410e+02
-8.313583e-04 7.276938e+02 2.917381e+02 8.055760e+02
-7.460222e-04 7.325730e+02 2.936943e+02 8.109774e+02
-6.612389e-04 7.283228e+02 2.919903e+02 8.062723e+02
-5.607542e-04 6.995777e+02 2.804662e+02 7.744508e+02
-4.739832e-04 7.068409e+02 2.833780e+02 7.824912e+02
-4.089327e-04 7.322873e+02 2.935797e+02 8.106611e+02
-3.629712e-04 7.228138e+02 2.897817e+02 8.001737e+02
-3.418352e-04 7.122160e+02 2.855330e+02 7.884417e+02
-3.343127e-04 7.294566e+02 2.924449e+02 8.075274e+02
-3.393061e-04 7.669814e+02 3.074888e+02 8.490683e+02
-3.441931e-04 7.585877e+02 3.041238e+02 8.397763e+02
-3.246120e-04 7.784590e+02 3.120903e+02 8.617744e+02
-2.879955e-04 7.813550e+02 3.132514e+02 8.649804e+02
-2.581654e-04 7.803725e+02 3.128574e+02 8.638926e+02
-2.377472e-04 7.655679e+02 3.069222e+02 8.475036e+02
-2.159804e-04 7.713061e+02 3.092227e+02 8.538559e+02
-1.891945e-04 7.735532e+02 3.101235e+02 8.563435e+02
-1.638117e-04 7.567377e+02 3.033821e+02 8.377284e+02
-1.417367e-04 8.000027e+02 3.207274e+02 8.856238e+02
-1.242166e-04 8.052740e+02 3.228407e+02 8.914593e+02
-1.120911e-04 8.041447e+02 3.223879e+02 8.902092e+02
-1.049700e-04 8.321290e+02 3.336070e+02 9.211884e+02
-1.028345e-04 7.863316e+02 3.152465e+02 8.704895e+02
-1.022470e-04 7.398543e+02 2.966134e+02 8.190380e+02
-1.010132e-04 7.691886e+02 3.083738e+02 8.515118e+02
-9.730177e-05 7.677646e+02 3.078029e+02 8.499354e+02
-9.217556e-05 7.652282e+02 3.067860e+02 8.471275e+02
-8.973701e-05 8.017656e+02 3.214341e+02 8.875754e+02
-8.932133e-05 7.721228e+02 3.095501e+02 8.547600e+02
-8.928161e-05 7.861513e+02 3.151742e+02 8.702899e+02
-8.963487e-05 7.941021e+02 3.183618e+02 8.790917e+02
-8.937071e-05 7.744102e+02 3.104671e+02 8.572923e+02
-8.880134e-05 7.825834e+02 3.137438e+02 8.663402e+02
-8.702396e-05 7.850912e+02 3.147492e+02 8.691164e+02
-8.487406e-05 7.809757e+02 3.130993e+02 8.645605e+02
-8.342259e-05 8.072364e+02 3.236274e+02 8.936317e+02
-8.097463e-05 8.072291e+02 3.236245e+02 8.936236e+02
-7.752154e-05 7.908851e+02 3.170720e+02 8.755304e+02
-7.459616e-05 7.838626e+02 3.142567e+02 8.677563e+02
-7.145782e-05 8.330767e+02 3.339870e+02 9.222376e+02
-6.796910e-05 8.081159e+02 3.239800e+02 8.946053e+02
-6.442820e-05 7.857893e+02 3.150291e+02 8.698892e+02
-6.131677e-05 8.509073e+02 3.411354e+02 9.419766e+02
-5.911626e-05 7.860840e+02 3.151472e+02 8.702155e+02
-5.718763e-05 7.907139e+02 3.170034e+02 8.753408e+02
-5.577861e-05 7.690380e+02 3.083134e+02 8.513451e+02
-5.509790e-05 7.392820e+02 2.963840e+02 8.184044e+02
-5.474608e-05 7.372894e+02 2.955851e+02 8.161986e+02
-5.456238e-05 7.081302e+02 2.838949e+02 7.839185e+02
-5.362694e-05 6.880754e+02 2.758548e+02 7.617174e+02
-5.278547e-05 6.821710e+02 2.734877e+02 7.551811e+02
-5.237290e-05 6.998509e+02 2.805757e+02 7.747531e+02
-5.102593e-05 7.336121e+02 2.941109e+02 8.121277e+02
-4.947164e-05 7.243789e+02 2.904092e+02 8.019063e+02
-4.814929e-05 7.310259e+02 2.930740e+02 8.092647e+02
-4.664439e-05 7.469423e+02 2.994550e+02 8.268845e+02
-4.509870e-05 7.232113e+02 2.899411e+02 8.006138e+02
-4.361375e-05 7.432496e+02 2.979746e+02 8.227966e+02
-4.165978e-05 7.356890e+02 2.949435e+02 8.144269e+02
-3.939844e-05 7.681053e+02 3.079394e+02 8.503125e+02
-3.714329e-05 7.590655e+02 3.043153e+02 8.403053e+02
-3.501504e-05 7.268841e+02 2.914135e+02 8.046796e+02
-3.322928e-05 7.156364e+02 2.869043e+02 7.922282e+02
-3.186951e-05 7.179297e+02 2.878237e+02 7.947669e+02
-3.109660e-05 7.400029e+02 2.966730e+02 8.192025e+02
-3.065411e-05 7.269334e+02 2.914333e+02 8.047342e+02
-3.040009e-05 7.344446e+02 2.944446e+02 8.130493e+02
-3.039052e-05 7.305913e+02 2.928998e+02 8.087836e+02
-3.069886e-05 7.424700e+02 2.976620e+02 8.219336e+02
-3.126470e-05 7.767575e+02 3.114082e+02 8.598908e+02
-3.178089e-05 7.550822e+02 3.027184e+02 8.358956e+02
-3.221882e-05 7.798015e+02 3.126286e+02 8.632606e+02
-3.239895e-05 7.460418e+02 2.990940e+02 8.258877e+02
-3.232193e-05 7.755724e+02 3.109331e+02 8.585788e+02
-3.218770e-05 7.955855e+02 3.189565e+02 8.807338e+02
-3.230395e-05 7.797485e+02 3.126073e+02 8.632019e+02
-3.301326e-05 7.737763e+02 3.102130e+02 8.565905e+02
-3.446901e-05 8.104217e+02 3.249044e+02 8.971579e+02
-3.663124e-05 8.093611e+02 3.244792e+02 8.959838e+02
-3.916948e-05 7.810759e+02 3.131395e+02 8.646714e+02
-4.226845e-05 8.035141e+02 3.221351e+02 8.895110e+02
-4.565375e-05 8.271736e+02 3.316204e+02 9.157027e+02
-4.884475e-05 8.398719e+02 3.367112e+02 9.297601e+02
-5.168091e-05 8.322052e+02 3.336376e+02 9.212728e+02
-5.516578e-05 8.548519e+02 3.427168e+02 9.463433e+02
-6.053698e-05 8.538947e+02 3.423331e+02 9.452836e+02
-6.662799e-05 8.144500e+02 3.265194e+02 9.016174e+02
-7.408098e-05 7.672625e+02 3.076016e+02 8.493796e+02
-8.060171e-05 7.325924e+02 2.937021e+02 8.109989e+02
-8.416958e-05 7.627153e+02 3.057785e+02 8.443457e+02
-8.620641e-05 7.263100e+02 2.911834e+02 8.040441e+02
-8.647643e-05 7.043079e+02 2.823626e+02 7.796872e+02
-8.976678e-05 6.915217e+02 2.772365e+02 7.655325e+02
-9.683928e-05 7.231896e+02 2.899324e+02 8.005897e+02
-1.054065e-04 7.203258e+02 2.887843e+02 7.974195e+02
-1.136310e-04 7.043925e+02 2.823965e+02 7.797808e+02
-1.200133e-04 6.958281e+02 2.789629e+02 7.702998e+02
-1.270698e-04 6.938439e+02 2.781675e+02 7.681033e+02
-1.307532e-04 6.916400e+02 2.772839e+02 7.656635e+02
-1.304733e-04 7.211564e+02 2.891173e+02 7.983389e+02
-1.287758e-04 7.396207e+02 2.965198e+02 8.187794e+02
-1.268558e-04 7.791186e+02 3.123548e+02 8.625046e+02
-1.275461e-04 7.321252e+02 2.935148e+02 8.104817e+02
-1.299178e-04 7.362569e+02 2.951712e+02 8.150555e+02
-1.299401e-04 7.033290e+02 2.819701e+02 7.786035e+02
-1.279907e-04 6.861843e+02 2.750967e+02 7.596239e+02
-1.257882e-04 6.925811e+02 2.776612e+02 7.667054e+02
-1.197579e-04 6.793637e+02 2.723622e+02 7.520733e+02
-1.126047e-04 6.411881e+02 2.570573e+02 7.098119e+02
-1.055488e-04 6.843724e+02 2.743703e+02 7.576181e+02
-9.920551e-05 6.729946e+02 2.698088e+02 7.450226e+02
-9.414620e-05 6.625799e+02 2.656335e+02 7.334932e+02
-8.864618e-05 6.867772e+02 2.753344e+02 7.602803e+02
-8.338178e-05 7.346295e+02 2.945187e+02 8.132540e+02
-7.850599e-05 7.761190e+02 3.111522e+02 8.591839e+02
-7.278182e-05 7.603404e+02 3.048264e+02 8.417166e+02
-6.555310e-05 7.417614e+02 2.973779e+02 8.211491e+02
-5.874704e-05 7.766443e+02 3.113628e+02 8.597655e+02
-5.336385e-05 7.555676e+02 3.029130e+02 8.364330e+02
-4.959550e-05 7.722296e+02 3.095929e+02 8.548783e+02
-4.705503e-05 8.149519e+02 3.267206e+02 9.021730e+02
-4.491105e-05 8.070041e+02 3.235343e+02 8.933746e+02
-4.298678e-05 8.113494e+02 3.252763e+02 8.981849e+02
-4.142229e-05 7.628913e+02 3.058491e+02 8.445405e+02
-4.012551e-05 7.584652e+02 3.040746e+02 8.396407e+02
-3.890630e-05 7.453770e+02 2.988275e+02 8.251518e+02
-3.794866e-05 7.484116e+02 3.000441e+02 8.285112e+02
-3.737237e-05 8.038071e+02 3.222526e+02 8.898354e+02
-3.659913e-05 8.211525e+02 3.292065e+02 9.090372e+02
-3.586462e-05 8.000516e+02 3.207470e+02 8.856779e+02
-3.540326e-05 7.797049e+02 3.125898e+02 8.631536e+02
-3.470785e-05 7.668097e+02 3.074200e+02 8.488783e+02
-3.407899e-05 8.186295e+02 3.281950e+02 9.062442e+02
-3.388279e-05 8.264922e+02 3.313472e+02 9.149484e+02
-3.379030e-05 7.703118e+02 3.088241e+02 8.527553e+02
-3.342441e-05 7.356984e+02 2.949473e+02 8.144373e+02
-3.285205e-05 7.342224e+02 2.943555e+02 8.128033e+02
-3.255436e-05 7.719767e+02 3.094915e+02 8.545983e+02
-3.273351e-05 7.615121e+02 3.052962e+02 8.430138e+02
-3.287387e-05 7.275986e+02 2.917000e+02 8.054707e+02
-3.285782e-05 7.228780e+02 2.898075e+02 8.002448e+02
-3.281411e-05 7.099298e+02 2.846164e+02 7.859107e+02
-3.224708e-05 7.050209e+02 2.826484e+02 7.804765e+02
-3.144646e-05 7.001699e+02 2.807036e+02 7.751064e+02
-3.123023e-05 6.966760e+02 2.793029e+02 7.712385e+02
-3.158657e-05 7.188859e+02 2.882070e+02 7.958254e+02
-3.220141e-05 7.066391e+02 2.832972e+02 7.822679e+02
-3.309582e-05 7.307164e+02 2.929499e+02 8.089221e+02
-3.376516e-05 7.332195e+02 2.939535e+02 8.116931e+02
-3.383810e-05 8.059396e+02 3.231075e+02 8.921961e+02
-3.410444e-05 7.815716e+02 3.133382e+02 8.652201e+02
-3.444506e-05 7.600032e+02 3.046913e+02 8.413434e+02
-3.459382e-05 7.282585e+02 2.919645e+02 8.062011e+02
-3.513985e-05 7.076381e+02 2.836977e+02 7.833738e+02
-3.601114e-05 7.343622e+02 2.944116e+02 8.129581e+02
-3.744700e-05 7.113810e+02 2.851982e+02 7.875173e+02
-3.917273e-05 7.182068e+02 2.879348e+02 7.950737e+02
-4.145773e-05 7.206107e+02 2.888985e+02 7.977348e+02
-4.522102e-05 6.983081e+02 2.799572e+02 7.730453e+02
-5.065311e-05 6.863452e+02 2.751612e+02 7.598020e+02
-5.712259e-05 6.791816e+02 2.722893e+02 7.518718e+02
-6.436042e-05 6.940109e+02 2.782344e+02 7.682881e+02
-7.167822e-05 7.070504e+02 2.834621e+02 7.827232e+02
-7.943425e-05 7.148231e+02 2.865782e+02 7.913277e+02
-9.033350e-05 6.882511e+02 2.759253e+02 7.619119e+02
-1.033920e-04 6.613890e+02 2.651561e+02 7.321749e+02
-1.194114e-04 6.829537e+02 2.738015e+02 7.560475e+02
-1.400881e-04 6.886175e+02 2.760722e+02 7.623175e+02
-1.616282e-04 7.277864e+02 2.917753e+02 8.056785e+02
-1.777051e-04 7.078427e+02 2.837797e+02 7.836003e+02
-1.848015e-04 7.197037e+02 2.885349e+02 7.967308e+02
-1.810612e-04 7.258249e+02 2.909889e+02 8.035071e+02
-1.747737e-04 7.373526e+02 2.956104e+02 8.162685e+02
-1.711840e-04 7.696200e+02 3.085467e+02 8.519893e+02
-1.631863e-04 7.730554e+02 3.099240e+02 8.557925e+02
-1.519647e-04 7.416556e+02 2.973356e+02 8.210321e+02
-1.423420e-04 8.028484e+02 3.218682e+02 8.887741e+02
-1.344313e-04 7.720245e+02 3.095107e+02 8.546512e+02
-1.296000e-04 7.404260e+02 2.968426e+02 8.196709e+02
-1.263229e-04 7.079990e+02 2.838424e+02 7.837734e+02
-1.231845e-04 7.051527e+02 2.827013e+02 7.806225e+02
-1.187192e-04 6.873079e+02 2.755471e+02 7.608677e+02
-1.147167e-04 6.781030e+02 2.718568e+02 7.506777e+02
-1.126001e-04 6.813850e+02 2.731726e+02 7.543110e+02
-1.122183e-04 6.821491e+02 2.734789e+02 7.551568e+02
-1.149191e-04 7.108257e+02 2.849756e+02 7.869025e+02
-1.188053e-04 7.138480e+02 2.861873e+02 7.902484e+02
-1.268384e-04 7.062351e+02 2.831352e+02 7.818206e+02
-1.366771e-04 6.875751e+02 2.756543e+02 7.611636e+02
-1.464027e-04 6.734916e+02 2.700081e+02 7.455728e+02
-1.605434e-04 6.855497e+02 2.748422e+02 7.589213e+02
-1.766239e-04 6.653034e+02 2.667254e+02 7.365082e+02
-1.963317e-04 7.111710e+02 2.851140e+02 7.872848e+02
-2.160448e-04 7.055718e+02 2.828693e+02 7.810864e+02
-2.332220e-04 7.040951e+02 2.822773e+02 7.794516e+02
-2.500750e-04 6.707096e+02 2.688927e+02 7.424930e+02
-2.517860e-04 7.039349e+02 2.822130e+02 7.792742e+02
-2.446600e-04 6.805993e+02 2.728576e+02 7.534411e+02
-2.432677e-04 7.246883e+02 2.905332e+02 8.022488e+02
-2.433926e-04 7.535163e+02 3.020906e+02 8.341621e+02
-2.485323e-04 7.297850e+02 2.925765e+02 8.078910e+02
-2.666402e-04 7.350679e+02 2.946945e+02 8.137393e+02
-3.017764e-04 7.344265e+02 2.944373e+02 8.130292e+02
-3.490949e-04 6.663776e+02 2.671560e+02 7.376974e+02
-4.009034e-04 6.578399e+02 2.637332e+02 7.282459e+02
-4.511537e-04 6.750751e+02 2.706429e+02 7.473257e+02
-4.774656e-04 7.615548e+02 3.053133e+02 8.430610e+02
-4.673720e-04 7.664290e+02 3.072674e+02 8.484569e+02
-4.499672e-04 7.582428e+02 3.039855e+02 8.393946e+02
-4.288828e-04 7.550749e+02 3.027155e+02 8.358876e+02
-3.786820e-04 7.416966e+02 2.973520e+02 8.210775e+02
-3.254553e-04 7.597893e+02 3.046055e+02 8.411066e+02
-2.850405e-04 7.698218e+02 3.086276e+02 8.522127e+02
-2.523280e-04 8.071668e+02 3.235995e+02 8.935547e+02
-2.170552e-04 7.977998e+02 3.198442e+02 8.831852e+02
-1.812293e-04 8.012503e+02 3.212276e+02 8.870050e+02
-1.548822e-04 7.140251e+02 2.862583e+02 7.904444e+02
-1.316026e-04 7.411202e+02 2.971209e+02 8.204393e+02
-1.095669e-04 7.891230e+02 3.163656e+02 8.735797e+02
-9.184042e-05 7.849295e+02 3.146844e+02 8.689374e+02
-8.069885e-05 7.970911e+02 3.195601e+02 8.824006e+02
-7.269440e-05 7.896782e+02 3.165882e+02 8.741943e+02
-6.454806e-05 7.703764e+02 3.088499e+02 8.528267e+02
-5.779935e-05 7.644462e+02 3.064725e+02 8.462619e+02
-5.268360e-05 7.484609e+02 3.000638e+02 8.285657e+02
-4.917563e-05 7.500025e+02 3.006819e+02 8.302723e+02
-4.715420e-05 7.635384e+02 3.061085e+02 8.452569e+02
-4.535796e-05 7.258055e+02 2.909811e+02 8.034855e+02
-4.362001e-05 7.271953e+02 2.915383e+02 8.050241e+02
-4.255484e-05 7.346438e+02 2.945244e+02 8.132698e+02
-4.209190e-05 7.423354e+02 2.976081e+02 8.217847e+02
-4.175377e-05 7.326592e+02 2.937288e+02 8.110728e+02
-4.106500e-05 7.186942e+02 2.881302e+02 7.956132e+02
-4.030666e-05 7.294384e+02 2.924376e+02 8.075073e+02
-3.944613e-05 7.424948e+02 2.976720e+02 8.219611e+02
-3.848343e-05 7.111523e+02 2.851065e+02 7.872641e+02
-3.736862e-05 7.254306e+02 2.908308e+02 8.030706e+02
-3.582696e-05 7.180021e+02 2.878527e+02 7.948470e+02
-3.412550e-05 7.005957e+02 2.808743e+02 7.755777e+02
-3.221107e-05 6.833502e+02 2.739605e+02 7.564865e+02
-3.035556e-05 6.953562e+02 2.787737e+02 7.697774e+02
-2.888968e-05 7.107110e+02 2.849296e+02 7.867756e+02
-2.800040e-05 7.318554e+02 2.934066e+02 8.101830e+02
-2.769974e-05 6.912728e+02 2.771367e+02 7.652570e+02
-2.759386e-05 6.368762e+02 2.553287e+02 7.050385e+02
-2.755435e-05 6.531722e+02 2.618619e+02 7.230787e+02
-2.777669e-05 6.872491e+02 2.755235e+02 7.608026e+02
-2.806931e-05 7.100385e+02 2.846600e+02 7.860311e+02
-2.844161e-05 7.754827e+02 3.108971e+02 8.584796e+02
-2.921102e-05 7.868396e+02 3.154502e+02 8.710519e+02
-3.031177e-05 7.578402e+02 3.038241e+02 8.389489e+02
-3.198615e-05 7.514551e+02 3.012642e+02 8.318804e+02
-3.419710e-05 7.344384e+02 2.944421e+02 8.130425e+02
-3.679530e-05 7.678223e+02 3.078260e+02 8.499993e+02
-3.940422e-05 7.549721e+02 3.026742e+02 8.357738e+02
-4.061272e-05 7.562973e+02 3.032055e+02 8.372408e+02
-4.091152e-05 7.734122e+02 3.100670e+02 8.561874e+02
-4.134670e-05 7.988536e+02 3.202667e+02 8.843517e+02
-4.147861e-05 7.913259e+02 3.172488e+02 8.760184e+02
-4.166144e-05 7.822798e+02 3.136221e+02 8.660041e+02
-4.229168e-05 7.792225e+02 3.123964e+02 8.626197e+02
-4.326326e-05 7.751503e+02 3.107638e+02 8.581116e+02
-4.431746e-05 7.721947e+02 3.095789e+02 8.548397e+02
-4.563328e-05 7.628301e+02 3.058246e+02 8.444728e+02
-4.743134e-05 7.715952e+02 3.093386e+02 8.541759e+02
-4.947135e-05 7.450902e+02 2.987125e+02 8.248343e+02
-5.141525e-05 7.414481e+02 2.972524e+02 8.208024e+02
-5.247658e-05 7.190311e+02 2.882652e+02 7.959861e+02
-5.317083e-05 7.039022e+02 2.821999e+02 7.792381e+02
-5.340510e-05 7.275048e+02 2.916624e+02 8.053668e+02
-5.256656e-05 7.461592e+02 2.991411e+02 8.260177e+02
-5.152529e-05 7.308496e+02 2.930033e+02 8.090695e+02
-5.092416e-05 7.582670e+02 3.039952e+02 8.394213e+02
-5.119205e-05 7.958075e+02 3.190455e+02 8.809797e+02
-5.251357e-05 7.780926e+02 3.119434e+02 8.613688e+02
-5.541795e-05 7.659728e+02 3.070845e+02 8.479518e+02
-5.953681e-05 7.386488e+02 2.961301e+02 8.177035e+02
-6.309503e-05 7.667126e+02 3.073811e+02 8.487708e+02
-6.655623e-05 8.058130e+02 3.230568e+02 8.920560e+02
-7.042437e-05 8.520121e+02 3.415783e+02 9.431996e+02
-7.461287e-05 8.255606e+02 3.309737e+02 9.139171e+02
-7.833295e-05 7.760610e+02 3.111289e+02 8.591197e+02
-7.897635e-05 7.583446e+02 3.040263e+02 8.395073e+02
-7.723252e-05 7.256366e+02 2.909134e+02 8.032986e+02
-7.590376e-05 7.423872e+02 2.976288e+02 8.218419e+02
-7.558275e-05 7.406312e+02 2.969248e+02 8.198980e+02
-7.536707e-05 7.099037e+02 2.846060e+02 7.858819e+02
-7.446554e-05 6.952035e+02 2.787125e+02 7.696084e+02
-7.280553e-05 6.700400e+02 2.686243e+02 7.417518e+02
-7.145594e-05 6.932120e+02 2.779141e+02 7.674037e+02
-7.088457e-05 7.140448e+02 2.862662e+02 7.904662e+02
-7.065842e-05 7.386392e+02 2.961262e+02 8.176928e+02
-7.069744e-05 7.283055e+02 2.919834e+02 8.062532e+02
-7.194833e-05 7.613071e+02 3.052140e+02 8.427868e+02
-7.439335e-05 7.852725e+02 3.148219e+02 8.693171e+02
-7.617002e-05 8.168971e+02 3.275005e+02 9.043264e+02
-7.755656e-05 7.751969e+02 3.107825e+02 8.581632e+02
-7.940368e-05 7.881222e+02 3.159644e+02 8.724718e+02
-8.129573e-05 7.636660e+02 3.061597e+02 8.453981e+02
-8.367709e-05 7.387138e+02 2.961562e+02 8.177754e+02
-8.762025e-05 7.434646e+02 2.980608e+02 8.230347e+02
-9.289187e-05 7.536699e+02 3.021522e+02 8.343322e+02
-9.925768e-05 7.047511e+02 2.825402e+02 7.801778e+02
-1.066263e-04 7.027884e+02 2.817534e+02 7.780051e+02
-1.151583e-04 6.761554e+02 2.710760e+02 7.485216e+02
-1.261775e-04 7.146965e+02 2.865274e+02 7.911876e+02
-1.391366e-04 7.186683e+02 2.881198e+02 7.955846e+02
-1.533249e-04 7.173258e+02 2.875816e+02 7.940984e+02
-1.677533e-04 7.616228e+02 3.053406e+02 8.431363e+02
-1.790393e-04 7.497088e+02 3.005642e+02 8.299472e+02
-1.881548e-04 7.534155e+02 3.020502e+02 8.340506e+02
-1.938953e-04 7.660451e+02 3.071135e+02 8.480319e+02
-2.005413e-04 7.511637e+02 3.011474e+02 8.315578e+02
-2.127575e-04 7.730743e+02 3.099315e+02 8.558133e+02
-2.291913e-04 7.943947e+02 3.184791e+02 8.794156e+02
-2.559366e-04 7.898564e+02 3.166596e+02 8.743916e+02
-2.923193e-04 8.133673e+02 3.260853e+02 9.004188e+02
-3.366044e-04 8.043534e+02 3.224716e+02 8.904401e+02
-3.975899e-04 8.096984e+02 3.246144e+02 8.963572e+02
-4.706782e-04 7.991020e+02 3.203663e+02 8.846267e+02
-5.560521e-04 7.465826e+02 2.993108e+02 8.264864e+02
-6.544729e-04 7.199301e+02 2.886256e+02 7.969813e+02
-7.400863e-04 8.006855e+02 3.210011e+02 8.863797e+02
-8.143550e-04 7.677462e+02 3.077955e+02 8.499151e+02
-9.294558e-04 7.891558e+02 3.163788e+02 8.736161e+02
-1.050843e-03 8.151121e+02 3.267848e+02 9.023503e+02
-1.078730e-03 8.010225e+02 3.211362e+02 8.867528e+02
-1.060456e-03 7.702702e+02 3.088074e+02 8.527092e+02
-1.034339e-03 7.875005e+02 3.157151e+02 8.717835e+02
-1.023815e-03 7.805101e+02 3.129126e+02 8.640450e+02
-1.050838e-03 7.789381e+02 3.122824e+02 8.623048e+02
-1.090174e-03 7.918855e+02 3.174731e+02 8.766379e+02
-1.124552e-03 7.547842e+02 3.025989e+02 8.355658e+02
-1.138489e-03 7.659765e+02 3.070860e+02 8.479559e+02
-1.170680e-03 7.802758e+02 3.128187e+02 8.637857e+02
-1.193558e-03 7.701678e+02 3.087663e+02 8.525958e+02
-1.169399e-03 7.700682e+02 3.087264e+02 8.524856e+02
-1.149835e-03 7.598494e+02 3.046296e+02 8.411731e+02
-1.184539e-03 7.231587e+02 2.899200e+02 8.005556e+02
-1.272407e-03 7.298306e+02 2.925948e+02 8.079415e+02
-1.365934e-03 7.075632e+02 2.836676e+02 7.832909e+02
-1.523496e-03 7.268924e+02 2.914169e+02 8.046888e+02
-1.664837e-03 7.305603e+02 2.928874e+02 8.087493e+02
-1.646099e-03 7.373626e+02 2.956144e+02 8.162796e+02
-1.557960e-03 7.289326e+02 2.922348e+02 8.069473e+02
-1.487862e-03 7.310955e+02 2.931019e+02 8.093418e+02
-1.358678e-03 7.447222e+02 2.985650e+02 8.244269e+02
-1.134813e-03 8.110980e+02 3.251756e+02 8.979066e+02
-9.870616e-04 7.758760e+02 3.110548e+02 8.589149e+02
-9.376190e-04 7.494131e+02 3.004456e+02 8.296199e+02
-9.765267e-04 7.847034e+02 3.145938e+02 8.686871e+02
-1.168753e-03 7.893308e+02 3.164489e+02 8.738097e+02
-1.507908e-03 8.222165e+02 3.296330e+02 9.102150e+02
-2.051022e-03 7.851559e+02 3.147752e+02 8.691880e+02
-3.085885e-03 7.855535e+02 3.149346e+02 8.696282e+02
-4.761582e-03 7.848650e+02 3.146585e+02 8.688660e+02
-6.952306e-03 7.971412e+02 3.195802e+02 8.824561e+02
-9.353298e-03 7.881372e+02 3.159704e+02 8.724884e+02
-1.239715e-02 8.026136e+02 3.217741e+02 8.885141e+02
-1.695035e-02 8.123331e+02 3.256707e+02 8.992739e+02
-2.110907e-02 7.744863e+02 3.104976e+02 8.573765e+02
-2.416639e-02 7.884973e+02 3.161148e+02 8.728871e+02
-2.795226e-02 7.670401e+02 3.075124e+02 8.491333e+02
-3.292579e-02 7.535218e+02 3.020928e+02 8.341682e+02
-3.713194e-02 7.335996e+02 2.941058e+02 8.121139e+02
-4.294119e-02 7.731363e+02 3.099564e+02 8.558821e+02
-5.446933e-02 7.611439e+02 3.051485e+02 8.426061e+02
-7.191321e-02 7.835244e+02 3.141211e+02 8.673820e+02
-8.830664e-02 8.426392e+02 3.378207e+02 9.328236e+02
-9.965711e-02 8.489228e+02 3.403398e+02 9.397796e+02
-1.005931e-01 8.305904e+02 3.329902e+02 9.194852e+02
-8.921805e-02 8.232820e+02 3.300602e+02 9.113946e+02
-8.023048e-02 8.170799e+02 3.275738e+02 9.045288e+02
-6.585358e-02 8.124784e+02 3.257290e+02 8.994348e+02
-4.738854e-02 8.178254e+02 3.278726e+02 9.053540e+02
-3.261022e-02 8.190980e+02 3.283828e+02 9.067628e+02
-2.218857e-02 8.160994e+02 3.271806e+02 9.034433e+02
-1.556955e-02 7.868263e+02 3.154449e+02 8.710372e+02
-1.135650e-02 7.586381e+02 3.041440e+02 8.398321e+02
-8.783225e-03 7.915309e+02 3.173310e+02 8.762453e+02
-7.229123e-03 7.778536e+02 3.118476e+02 8.611042e+02
-6.105224e-03 7.681365e+02 3.079520e+02 8.503471e+02
-5.447710e-03 7.707536e+02 3.090011e+02 8.532443e+02
-4.932849e-03 7.701983e+02 3.087786e+02 8.526296e+02
-4.456658e-03 7.548652e+02 3.026314e+02 8.356554e+02
-4.062611e-03 7.619430e+02 3.054689e+02 8.434908e+02
-3.524209e-03 7.558148e+02 3.030121e+02 8.367066e+02
-3.133936e-03 7.358219e+02 2.949968e+02 8.145740e+02
-3.149619e-03 7.375262e+02 2.956801e+02 8.164608e+02
-3.155072e-03 7.267510e+02 2.913602e+02 8.045323e+02
-3.017922e-03 7.300134e+02 2.926681e+02 8.081439e+02
-2.880755e-03 7.228784e+02 2.898076e+02 8.002452e+02
-2.753250e-03 7.174932e+02 2.876487e+02 7.942837e+02
-2.804648e-03 7.096860e+02 2.845187e+02 7.856409e+02
-2.903451e-03 6.778856e+02 2.717696e+02 7.504370e+02
-2.737502e-03 6.802177e+02 2.727046e+02 7.530187e+02
-2.661744e-03 6.423792e+02 2.575349e+02 7.111305e+02
-2.867572e-03 6.739678e+02 2.701990e+02 7.460999e+02
-2.914669e-03 6.507254e+02 2.608809e+02 7.203700e+02
-2.777911e-03 6.631503e+02 2.658621e+02 7.341246e+02
-2.510077e-03 6.876666e+02 2.756909e+02 7.612649e+02
-2.160526e-03 6.923471e+02 2.775674e+02 7.664463e+02
-1.927566e-03 7.055498e+02 2.828605e+02 7.810620e+02
-1.822526e-03 7.301507e+02 2.927232e+02 8.082959e+02
-1.707968e-03 7.196004e+02 2.884934e+02 7.966164e+02
-1.591883e-03 7.289402e+02 2.922378e+02 8.069557e+02
-1.546309e-03 6.912499e+02 2.771275e+02 7.652317e+02
-1.603208e-03 6.946115e+02 2.784752e+02 7.689530e+02
-1.647428e-03 6.887131e+02 2.761105e+02 7.624234e+02
-1.673597e-03 6.577477e+02 2.636962e+02 7.281438e+02
-1.714913e-03 6.836305e+02 2.740728e+02 7.567968e+02
-1.521761e-03 6.792429e+02 2.723138e+02 7.519396e+02
-1.203980e-03 7.049815e+02 2.826326e+02 7.804329e+02
-9.511384e-04 7.321850e+02 2.935387e+02 8.105479e+02
-7.687868e-04 7.075752e+02 2.836725e+02 7.833042e+02
-6.647573e-04 6.769336e+02 2.713880e+02 7.493832e+02
-6.386576e-04 7.066375e+02 2.832965e+02 7.822661e+02
-6.320987e-04 6.924608e+02 2.776130e+02 7.665721e+02
-6.546650e-04 6.739765e+02 2.702025e+02 7.461095e+02
-7.426523e-04 7.026080e+02 2.816811e+02 7.778053e+02
-8.724176e-04 7.448477e+02 2.986153e+02 8.245658e+02
-1.033343e-03 7.726373e+02 3.097563e+02 8.553296e+02
-1.157938e-03 7.647194e+02 3.065820e+02 8.465643e+02
-1.173385e-03 7.836357e+02 3.141657e+02 8.675052e+02
-1.106104e-03 7.685772e+02 3.081286e+02 8.508350e+02
-1.020226e-03 7.628170e+02 3.058193e+02 8.444583e+02
-9.590500e-04 7.383542e+02 2.960120e+02 8.173773e+02
-9.286249e-04 7.510692e+02 3.011095e+02 8.314532e+02
-8.438670e-04 7.569678e+02 3.034743e+02 8.379831e+02
-7.310856e-04 7.310875e+02 2.930987e+02 8.093330e+02
-6.547771e-04 7.470379e+02 2.994934e+02 8.269904e+02
-5.761964e-04 7.431040e+02 2.979162e+02 8.226355e+02
-4.944558e-04 7.526582e+02 3.017466e+02 8.332122e+02
-4.137806e-04 7.571976e+02 3.035665e+02 8.382375e+02
-3.343952e-04 7.487674e+02 3.001867e+02 8.289050e+02
-2.545741e-04 7.788268e+02 3.122378e+02 8.621816e+02
-1.972995e-04 7.799686e+02 3.126956e+02 8.634456e+02
-1.583824e-04 7.790705e+02 3.123355e+02 8.624514e+02
-1.252001e-04 8.042982e+02 3.224495e+02 8.903791e+02
-1.010549e-04 7.961947e+02 3.192007e+02 8.814082e+02
-8.597577e-05 8.133623e+02 3.260833e+02 9.004133e+02
-7.690417e-05 8.085747e+02 3.241639e+02 8.951132e+02
-7.200993e-05 7.885462e+02 3.161343e+02 8.729411e+02
-7.000078e-05 7.508162e+02 3.010081e+02 8.311731e+02
-6.993809e-05 7.853546e+02 3.148548e+02 8.694080e+02
-7.107298e-05 7.934692e+02 3.181080e+02 8.783911e+02
-7.293876e-05 7.260586e+02 2.910826e+02 8.037657e+02
-7.407826e-05 7.769831e+02 3.114986e+02 8.601406e+02
-7.202814e-05 7.369526e+02 2.954501e+02 8.158258e+02
-6.849088e-05 7.528646e+02 3.018293e+02 8.334407e+02
-6.611734e-05 7.832968e+02 3.140298e+02 8.671299e+02
-6.354007e-05 7.610080e+02 3.050941e+02 8.424557e+02
-6.101807e-05 7.902819e+02 3.168302e+02 8.748627e+02
-5.878872e-05 7.710989e+02 3.091396e+02 8.536265e+02
-5.626246e-05 7.715393e+02 3.093162e+02 8.541141e+02
-5.309822e-05 7.587773e+02 3.041998e+02 8.399863e+02
-5.032362e-05 7.663094e+02 3.072195e+02 8.483245e+02
-4.825470e-05 7.955892e+02 3.189580e+02 8.807380e+02
-4.614949e-05 7.843528e+02 3.144532e+02 8.682990e+02
-4.401504e-05 7.757199e+02 3.109922e+02 8.587421e+02
-4.197553e-05 7.756753e+02 3.109743e+02 8.586928e+02
-4.025304e-05 7.728261e+02 3.098320e+02 8.555386e+02
-3.880534e-05 8.163243e+02 3.272708e+02 9.036923e+02
-3.751005e-05 7.944748e+02 3.185112e+02 8.795042e+02
-3.651572e-05 7.771037e+02 3.115470e+02 8.602740e+02
-3.580070e-05 7.788474e+02 3.122461e+02 8.622044e+02
-3.549398e-05 7.721788e+02 3.095725e+02 8.548220e+02
-3.593202e-05 7.850961e+02 3.147512e+02 8.691219e+02
-3.682440e-05 7.868520e+02 3.154552e+02 8.710657e+02
-3.764080e-05 7.727812e+02 3.098140e+02 8.554889e+02
-3.822397e-05 7.087898e+02 2.841594e+02 7.846488e+02
-3.885208e-05 7.289232e+02 2.922310e+02 8.069370e+02
-3.954400e-05 7.048023e+02 2.825608e+02 7.802345e+02
-4.021262e-05 7.068274e+02 2.833727e+02 7.824764e+02
-4.070789e-05 7.126931e+02 2.857243e+02 7.889698e+02
-4.107290e-05 6.965875e+02 2.792674e+02 7.711405e+02
-4.158616e-05 6.863499e+02 2.751631e+02 7.598072e+02
-4.232522e-05 6.895963e+02 2.764646e+02 7.634010e+02
-4.292097e-05 7.142976e+02 2.863675e+02 7.907461e+02
-4.330441e-05 7.093725e+02 2.843930e+02 7.852938e+02
-4.390524e-05 7.293297e+02 2.923940e+02 8.073869e+02
-4.463701e-05 6.957847e+02 2.789455e+02 7.702518e+02
-4.545788e-05 7.208841e+02 2.890081e+02 7.980375e+02
-4.647752e-05 7.404453e+02 2.968503e+02 8.196923e+02
-4.724115e-05 7.642708e+02 3.064022e+02 8.460677e+02
-4.759243e-05 7.951800e+02 3.187939e+02 8.802849e+02
-4.789528e-05 8.166183e+02 3.273887e+02 9.040177e+02
-4.802667e-05 7.534070e+02 3.020468e+02 8.340411e+02
-4.723303e-05 7.126242e+02 2.856967e+02 7.888936e+02
-4.561126e-05 7.418151e+02 2.973995e+02 8.212086e+02
-4.456070e-05 7.688741e+02 3.082477e+02 8.511637e+02
-4.400135e-05 7.192211e+02 2.883414e+02 7.961965e+02
-4.358414e-05 7.291082e+02 2.923052e+02 8.071418e+02
-4.386183e-05 6.957353e+02 2.789258e+02 7.701971e+02
-4.496292e-05 7.614767e+02 3.052820e+02 8.429745e+02
-4.658842e-05 7.485328e+02 3.000927e+02 8.286453e+02
-4.889406e-05 7.445418e+02 2.984926e+02 8.242271e+02
-5.177143e-05 7.641975e+02 3.063728e+02 8.459865e+02
-5.517417e-05 7.702519e+02 3.088000e+02 8.526889e+02
-5.908601e-05 7.977684e+02 3.198316e+02 8.831504e+02
-6.404774e-05 7.907665e+02 3.170245e+02 8.753991e+02
-7.044498e-05 7.813884e+02 3.132648e+02 8.650174e+02
-7.821983e-05 7.471252e+02 2.995284e+02 8.270871e+02
-8.675234e-05 7.160381e+02 2.870653e+02 7.926728e+02
-9.489073e-05 7.275250e+02 2.916705e+02 8.053891e+02
-1.042282e-04 7.328072e+02 2.937881e+02 8.112366e+02
-1.140691e-04 7.525161e+02 3.016896e+02 8.330549e+02
-1.229165e-04 7.960073e+02 3.191256e+02 8.812008e+02
-1.312016e-04 8.016759e+02 3.213982e+02 8.874761e+02
-1.401836e-04 8.153943e+02 3.268980e+02 9.026628e+02
-1.493282e-04 7.741166e+02 3.103494e+02 8.569672e+02
-1.602446e-04 7.884695e+02 3.161036e+02 8.728563e+02
-1.746537e-04 7.813737e+02 3.132588e+02 8.650010e+02
-1.862416e-04 7.993805e+02 3.204779e+02 8.849351e+02
-1.934791e-04 7.899339e+02 3.166907e+02 8.744774e+02
-1.967316e-04 7.646083e+02 3.065375e+02 8.464412e+02
-1.939775e-04 7.734687e+02 3.100897e+02 8.562500e+02
-1.892397e-04 7.771246e+02 3.115554e+02 8.602972e+02
-1.876824e-04 7.833342e+02 3.140448e+02 8.671713e+02
-1.890214e-04 7.669821e+02 3.074891e+02 8.490691e+02
-1.975863e-04 7.579005e+02 3.038483e+02 8.390156e+02
-2.120315e-04 7.163405e+02 2.871865e+02 7.930076e+02
-2.193316e-04 6.874522e+02 2.756050e+02 7.610275e+02
-2.197171e-04 7.282898e+02 2.919771e+02 8.062358e+02
-2.208094e-04 7.491401e+02 3.003361e+02 8.293176e+02
-2.258912e-04 7.923565e+02 3.176620e+02 8.771593e+02
-2.321374e-04 7.724697e+02 3.096892e+02 8.551441e+02
-2.410127e-04 7.399413e+02 2.966483e+02 8.191343e+02
-2.536932e-04 7.177910e+02 2.877680e+02 7.946133e+02
-2.639480e-04 6.989807e+02 2.802269e+02 7.737899e+02
-2.682447e-04 6.770002e+02 2.714147e+02 7.494568e+02
-2.684117e-04 7.069122e+02 2.834067e+02 7.825702e+02
-2.683702e-04 7.171447e+02 2.875089e+02 7.938978e+02
-2.700803e-04 7.055575e+02 2.828636e+02 7.810706e+02
-2.788406e-04 6.900266e+02 2.766371e+02 7.638774e+02
-3.013462e-04 6.898444e+02 2.765640e+02 7.636757e+02
-3.469052e-04 7.285787e+02 2.920929e+02 8.065556e+02
-4.177087e-04 7.302525e+02 2.927640e+02 8.084086e+02
-5.014590e-04 7.004647e+02 2.808218e+02 7.754327e+02
-6.048690e-04 7.420018e+02 2.974744e+02 8.214154e+02
-7.194581e-04 7.377923e+02 2.957867e+02 8.167552e+02
-8.084192e-04 7.324445e+02 2.936427e+02 8.108351e+02
-8.808524e-04 7.396547e+02 2.965334e+02 8.188170e+02
-9.373202e-04 7.815307e+02 3.133218e+02 8.651749e+02
-9.914267e-04 7.771262e+02 3.115560e+02 8.602989e+02
-1.066805e-03 7.434939e+02 2.980725e+02 8.230671e+02
-1.188280e-03 7.333026e+02 2.939868e+02 8.117850e+02
-1.276111e-03 7.404157e+02 2.968385e+02 8.196595e+02
-1.312748e-03 7.469491e+02 2.994578e+02 8.268921e+02
-1.371802e-03 7.927261e+02 3.178101e+02 8.775684e+02
-1.464263e-03 7.794418e+02 3.124843e+02 8.628623e+02
-1.662485e-03 7.718405e+02 3.094369e+02 8.544475e+02
-1.881330e-03 7.843795e+02 3.144639e+02 8.683285e+02
-1.953776e-03 8.300516e+02 3.327742e+02 9.188888e+02
-2.093226e-03 8.078126e+02 3.238584e+02 8.942696e+02
-2.542650e-03 8.044018e+02 3.224910e+02 8.904938e+02
-2.926745e-03 7.599478e+02 3.046691e+02 8.412820e+02
-3.068960e-03 7.548518e+02 3.026260e+02 8.356406e+02
-3.019859e-03 7.582560e+02 3.039908e+02 8.394091e+02
-2.904275e-03 7.587889e+02 3.042044e+02 8.399991e+02
-2.864040e-03 7.552656e+02 3.027919e+02 8.360987e+02
-2.538858e-03 7.416275e+02 2.973243e+02 8.210009e+02
-2.147305e-03 7.649756e+02 3.066847e+02 8.468480e+02
-1.904491e-03 7.735996e+02 3.101422e+02 8.563949e+02
-1.596558e-03 7.846632e+02 3.145776e+02 8.686426e+02
-1.253060e-03 7.794879e+02 3.125028e+02 8.629134e+02
-9.711428e-04 7.628589e+02 3.058361e+02 8.445046e+02
-7.725156e-04 7.820946e+02 3.135479e+02 8.657991e+02
-6.553209e-04 7.831185e+02 3.139583e+02 8.669326e+02
-5.589513e-04 7.994224e+02 3.204947e+02 8.849815e+02
-4.746774e-04 7.870614e+02 3.155391e+02 8.712975e+02
-4.258807e-04 7.898989e+02 3.166767e+02 8.744386e+02
-4.080332e-04 8.236880e+02 3.302230e+02 9.118441e+02
-4.062105e-04 8.314982e+02 3.333542e+02 9.204902e+02
-4.160296e-04 7.939257e+02 3.182910e+02 8.788964e+02
-4.345226e-04 7.686770e+02 3.081687e+02 8.509455e+02
-4.642811e-04 8.079906e+02 3.239298e+02 8.944666e+02
-5.038842e-04 8.437245e+02 3.382558e+02 9.340250e+02
-5.264614e-04 7.968184e+02 3.194507e+02 8.820987e+02
-5.227417e-04 7.739584e+02 3.102860e+02 8.567921e+02
-5.213423e-04 7.742342e+02 3.103966e+02 8.570975e+02
-5.283343e-04 7.481299e+02 2.999311e+02 8.281992e+02
-5.288694e-04 7.443867e+02 2.984305e+02 8.240555e+02
-5.288951e-04 7.319200e+02 2.934325e+02 8.102545e+02
-5.428734e-04 7.619686e+02 3.054792e+02 8.435191e+02
-5.471071e-04 7.652207e+02 3.067830e+02 8.471192e+02
-5.339352e-04 7.983863e+02 3.200793e+02 8.838344e+02
-5.440297e-04 8.237578e+02 3.302510e+02 9.119213e+02
-5.709012e-04 8.184739e+02 3.281326e+02 9.060719e+02
-5.943374e-04 8.097325e+02 3.246281e+02 8.963950e+02
-6.356350e-04 7.936276e+02 3.181715e+02 8.785664e+02
-6.742511e-04 7.531172e+02 3.019306e+02 8.337203e+02
-6.884992e-04 7.724189e+02 3.096688e+02 8.550878e+02
-7.088054e-04 7.639274e+02 3.062645e+02 8.456875e+02
-7.280481e-04 6.980034e+02 2.798351e+02 7.727080e+02
-7.047203e-04 6.701505e+02 2.686686e+02 7.418741e+02
-6.392222e-04 6.754172e+02 2.707801e+02 7.477045e+02
-5.740148e-04 7.178607e+02 2.877960e+02 7.946905e+02
-5.301812e-04 7.307573e+02 2.929663e+02 8.089673e+02
-5.091889e-04 7.314478e+02 2.932432e+02 8.097317e+02
-4.870288e-04 7.800601e+02 3.127322e+02 8.635468e+02
-4.745856e-04 7.622873e+02 3.056070e+02 8.438719e+02
-4.652614e-04 7.858903e+02 3.150696e+02 8.700010e+02
-4.472448e-04 8.159941e+02 3.271384e+02 9.033267e+02
-4.380033e-04 7.946399e+02 3.185774e+02 8.796870e+02
-4.216526e-04 8.195584e+02 3.285674e+02 9.072725e+02
-4.047361e-04 7.736834e+02 3.101757e+02 8.564876e+02
-3.844531e-04 7.567904e+02 3.034032e+02 8.377867e+02
-3.515080e-04 7.285177e+02 2.920685e+02 8.064880e+02
-3.145127e-04 7.258873e+02 2.910139e+02 8.035761e+02
-2.803438e-04 7.375471e+02 2.956884e+02 8.164839e+02
-2.515417e-04 7.288249e+02 2.921916e+02 8.068282e+02
-2.271224e-04 6.867052e+02 2.753055e+02 7.602006e+02
-2.166087e-04 6.508717e+02 2.609396e+02 7.205320e+02
-2.200086e-04 6.349780e+02 2.545677e+02 7.029372e+02
-2.288318e-04 6.234989e+02 2.499656e+02 6.902295e+02
-2.454760e-04 6.551518e+02 2.626555e+02 7.252701e+02
-2.660464e-04 6.194558e+02 2.483447e+02 6.857537e+02
-2.963391e-04 6.030807e+02 2.417798e+02 6.676260e+02
